0 0.045913 0.076422 0.001438 0.000000
0 0.960423 0.352944 0.079154 0.095056
0 0.900531 0.076581 0.074586 0.083213
0 0.843794 0.060881 0.090733 0.088083
0 0.669528 0.162116 0.061932 0.082094
0 0.610477 0.170756 0.056170 0.076331
0 0.607600 0.291016 0.001438 0.000000
0 0.046632 0.037491 0.093264 0.074981
0 0.049870 0.093258 0.099740 0.059598
0 0.336838 0.298588 0.047526 0.071270
0 0.386907 0.325129 0.052611 0.059586
0 0.045540 0.209323 0.066952 0.074087
0 0.445649 0.214773 0.049117 0.054909
0 0.849136 0.401792 0.058205 0.074654
0 0.798403 0.405513 0.060537 0.079212