0 0.440801 0.795566 0.078493 0.078178
0 0.367710 0.110222 0.060489 0.072012
0 0.454124 0.024146 0.043207 0.048292
0 0.411636 0.024866 0.044645 0.049732
0 0.289220 0.221119 0.053289 0.060491
0 0.257533 0.258566 0.059051 0.057609
0 0.548458 0.509166 0.070570 0.057609
0 0.909235 0.542291 0.083533 0.083534
0 0.521095 0.146947 0.047526 0.061928
0 0.339628 0.269366 0.038888 0.053287
0 0.768813 0.002543 0.036007 0.005086
0 0.837226 0.014066 0.046088 0.028131
0 0.477888 0.233363 0.053289 0.056169
0 0.760174 0.167831 0.044645 0.043206
0 0.716243 0.169272 0.034564 0.060491
0 0.760174 0.098700 0.059051 0.066250