0 0.207235 0.034788 0.069931 0.069576
0 0.280963 0.040109 0.074490 0.080217
0 0.142624 0.039172 0.062331 0.069931
0 0.192791 0.256566 0.047127 0.036484
0 0.298447 0.797769 0.072972 0.072972
0 0.236877 0.500562 0.059291 0.056250
0 0.198112 0.540850 0.063849 0.072972
0 0.271845 0.555291 0.074490 0.071450
0 0.401063 0.721756 0.062331 0.072972
0 0.241911 0.636625 0.066312 0.048647
0 0.173789 0.821334 0.076013 0.077531
0 0.435269 0.911028 0.054727 0.063312
0 0.625300 0.736959 0.069931 0.091216
0 0.757186 0.704178 0.063314 0.074297
0 0.743119 0.032508 0.077531 0.065016
0 0.672427 0.039348 0.079054 0.078696
0 0.234456 0.256477 0.031088 0.049223