0 0.435100 0.953919 0.075576 0.080791
0 0.515888 0.949359 0.062548 0.079488
0 0.577783 0.802766 0.071670 0.075578
0 0.346491 0.804719 0.072972 0.079488
0 0.538693 0.594944 0.058637 0.066494
0 0.386234 0.544106 0.082095 0.066456
0 0.300234 0.339525 0.069062 0.069063
0 0.164060 0.353209 0.072972 0.078184
0 0.188171 0.233978 0.063849 0.069063
0 0.087836 0.416406 0.063849 0.056031
0 0.121114 0.458549 0.066062 0.072539
0 0.034284 0.560881 0.055784 0.062176
0 0.167442 0.586534 0.061490 0.060093
0 0.356915 0.200750 0.062548 0.067759
0 0.410622 0.166451 0.082902 0.084197
0 0.315870 0.109537 0.066458 0.059941
0 0.906031 0.037177 0.074533 0.074354
0 0.740017 0.121263 0.072972 0.072972
0 0.670433 0.070941 0.076617 0.064162
0 0.731944 0.371762 0.059429 0.059585
0 0.855336 0.468528 0.066458 0.069062
0 0.922443 0.589062 0.101638 0.091216
0 0.783017 0.207734 0.065151 0.068697
0 0.869671 0.204009 0.071670 0.092519
0 0.898990 0.141462 0.070364 0.079488
0 0.952415 0.112144 0.072972 0.072972
0 0.976209 0.208119 0.047582 0.072075