0 0.913506 0.978802 0.079204 0.042395
0 0.752216 0.950403 0.079204 0.066244
0 0.709014 0.977362 0.076323 0.045276
0 0.511722 0.978802 0.059046 0.042395
0 0.229379 0.947558 0.064976 0.063432
0 0.865984 0.707747 0.067685 0.070566
0 0.810543 0.743031 0.086405 0.063362
0 0.669411 0.667425 0.069123 0.067684
0 0.081309 0.614201 0.061581 0.059164
0 0.202824 0.603341 0.072004 0.060484
0 0.382114 0.408209 0.050403 0.059044
0 0.742139 0.073387 0.061922 0.086406
0 0.544843 0.161953 0.067685 0.082084
0 0.392196 0.197956 0.050403 0.067684
0 0.350432 0.232519 0.044641 0.059044
0 0.320911 0.249078 0.048965 0.063362
0 0.050891 0.230356 0.041764 0.066244