0 0.038057 0.599944 0.076114 0.093616
0 0.338952 0.816828 0.090734 0.094795
0 0.265460 0.819948 0.062008 0.090674
0 0.361996 0.907431 0.079214 0.097934
0 0.432594 0.939608 0.064863 0.084515
0 0.489455 0.934075 0.097934 0.093616
0 0.536542 0.890150 0.079767 0.095056
0 0.453449 0.748288 0.092176 0.093616
0 0.387921 0.607866 0.093615 0.095056
0 0.343991 0.547375 0.095053 0.100816
0 0.444810 0.444400 0.118097 0.105137
0 0.529782 0.452322 0.089295 0.109456
0 0.230937 0.283816 0.110897 0.126741
0 0.321670 0.280213 0.090734 0.113778
0 0.418166 0.323422 0.116659 0.110897
0 0.620515 0.271572 0.086414 0.076331
0 0.706210 0.283816 0.084971 0.089294
0 0.650759 0.329900 0.100815 0.077772
0 0.683166 0.527931 0.070570 0.090734
0 0.430405 0.041092 0.097934 0.082184
0 0.095553 0.011567 0.076333 0.023134
0 0.641397 0.042575 0.070570 0.082094
0 0.603952 0.096584 0.096496 0.083534
0 0.885515 0.035330 0.063370 0.070660
0 0.972284 0.019488 0.055432 0.038976
0 0.115285 0.613342 0.103627 0.102332
0 0.181347 0.441710 0.088083 0.088083