0 0.933173 0.331006 0.092203 0.103984
0 0.832343 0.318234 0.098512 0.107631
0 0.719237 0.220638 0.120405 0.102159
0 0.632562 0.147021 0.096731 0.089378
0 0.535258 0.170378 0.101605 0.071326
0 0.230325 0.241616 0.145944 0.122228
0 0.110104 0.128886 0.080311 0.079016
0 0.040803 0.077073 0.081606 0.079016
0 0.022668 0.174048 0.045336 0.081956
0 0.291417 0.460923 0.111331 0.103194
0 0.219631 0.517519 0.109960 0.104859
0 0.145733 0.492859 0.081622 0.086754
0 0.529145 0.584845 0.091969 0.091969
0 0.590828 0.570150 0.078030 0.078123
0 0.611074 0.502833 0.112048 0.108323
0 0.599745 0.383909 0.089389 0.111281
0 0.521842 0.375249 0.077362 0.112197
0 0.654471 0.384822 0.078443 0.098513
0 0.637360 0.247834 0.090782 0.087234
0 0.943005 0.014896 0.062176 0.029792
0 0.893135 0.020725 0.071244 0.041450
0 0.464378 0.152850 0.060881 0.051813
0 0.080959 0.193005 0.068653 0.059585
0 0.920984 0.375648 0.093264 0.064767