0 0.485779 0.921817 0.075075 0.096781
0 0.418596 0.908679 0.071449 0.073834
0 0.800936 0.647672 0.069931 0.065369
0 0.872386 0.635509 0.048650 0.065369
0 0.822979 0.586863 0.053209 0.056250
0 0.445959 0.565578 0.068409 0.068409
0 0.413352 0.522901 0.072818 0.068189
0 0.342583 0.467522 0.065372 0.063850
0 0.427718 0.383150 0.068409 0.077531
0 0.349426 0.378588 0.069931 0.080572
0 0.494441 0.251166 0.071784 0.059844
0 0.182200 0.531372 0.079054 0.066891
0 0.107710 0.573178 0.063849 0.071450
0 0.144196 0.608906 0.063849 0.054728