0 0.033064 0.980242 0.066128 0.039516
0 0.935225 0.692628 0.064804 0.066244
0 0.974452 0.623503 0.051096 0.069125
0 0.975136 0.842919 0.049728 0.081694
0 0.964372 0.745909 0.071256 0.069125
0 0.867540 0.822234 0.061922 0.077766
0 0.807775 0.783353 0.057603 0.080644
0 0.916505 0.820075 0.059046 0.076325
0 0.616245 0.513334 0.057603 0.073444
0 0.292222 0.782631 0.060484 0.079206
0 0.113651 0.397409 0.066246 0.074884
0 0.068291 0.357084 0.056165 0.066244
0 0.164054 0.374942 0.043202 0.047812
0 0.135252 0.222438 0.063365 0.064803
0 0.071167 0.223878 0.059046 0.082084
0 0.027965 0.228197 0.047522 0.070566
0 0.043090 0.300922 0.074885 0.043203
0 0.221657 0.119469 0.051841 0.054725