0 0.102802 0.508400 0.077771 0.095056
0 0.029795 0.528563 0.059590 0.083534
0 0.080477 0.568888 0.061932 0.043206
0 0.012514 0.898700 0.025028 0.066250
0 0.063195 0.867016 0.076333 0.072012
0 0.035108 0.923903 0.051850 0.041766
0 0.535291 0.409326 0.065401 0.072539
0 0.593919 0.411903 0.060489 0.066250
0 0.619120 0.439269 0.059051 0.054728
0 0.668809 0.439269 0.043207 0.063369
0 0.608320 0.478153 0.051850 0.043206
0 0.557912 0.461790 0.057608 0.047923
0 0.482298 0.620016 0.067689 0.056169
0 0.618401 0.531922 0.043207 0.050891
0 0.527668 0.570147 0.048969 0.052212
0 0.900683 0.466634 0.060489 0.057609
0 0.715616 0.414784 0.056170 0.054728
0 0.987067 0.628659 0.025865 0.067691
0 0.948933 0.647381 0.056170 0.067691
0 0.980570 0.688693 0.038860 0.055257
0 0.850163 0.656744 0.057838 0.051847
0 0.869000 0.716512 0.054727 0.056169
0 0.851718 0.889249 0.048969 0.050518
0 0.791949 0.539366 0.050408 0.059050
0 0.044041 0.381477 0.064767 0.050518