0 0.396759 0.900772 0.066586 0.071513
0 0.331537 0.908459 0.072972 0.071683
0 0.307976 0.761637 0.065372 0.097294
0 0.246406 0.751756 0.066890 0.068409
0 0.153576 0.649499 0.078858 0.081381
0 0.120986 0.737496 0.074490 0.079413
0 0.174195 0.773041 0.062331 0.062331
0 0.266169 0.396022 0.088172 0.074491
0 0.293532 0.446191 0.063849 0.059291
0 0.242603 0.276554 0.071449 0.079016
0 0.292946 0.224093 0.056595 0.064767
0 0.184074 0.072972 0.079054 0.069931
0 0.130084 0.255400 0.068458 0.072972
0 0.025907 0.491038 0.051813 0.085134
0 0.015266 0.602013 0.030532 0.057769
0 0.054096 0.782432 0.083613 0.075033
0 0.209351 0.942358 0.065754 0.063471
0 0.279851 0.849812 0.060809 0.069931
0 0.045644 0.094256 0.073153 0.072972
0 0.494819 0.013601 0.072539 0.027202
0 0.327073 0.027850 0.071244 0.053109
0 0.178109 0.967617 0.060881 0.064766