0 0.189540 0.963600 0.050973 0.066250
0 0.203363 0.868991 0.044051 0.072900
0 0.025259 0.944948 0.050518 0.058290
0 0.108769 0.691062 0.062255 0.068653
0 0.493976 0.707239 0.040545 0.051843
0 0.477363 0.558512 0.053171 0.053961
0 0.274950 0.448000 0.063370 0.066250
0 0.320700 0.202073 0.042537 0.054404
0 0.230932 0.180004 0.058862 0.054499
0 0.287675 0.266102 0.049444 0.048107
0 0.182778 0.119628 0.043207 0.051847
0 0.228866 0.052676 0.046088 0.056129
0 0.311676 0.028175 0.050408 0.053288
0 0.274231 0.061300 0.047526 0.056169
0 0.110104 0.937824 0.059585 0.044041
0 0.158031 0.900907 0.038860 0.053109