0 0.058938 0.597839 0.079016 0.086706
0 0.149561 0.422432 0.060489 0.062480
0 0.403041 0.555928 0.080652 0.066250
0 0.479374 0.635859 0.072013 0.076331
0 0.399441 0.641619 0.099377 0.087853
0 0.361277 0.373737 0.077771 0.076331
0 0.450568 0.248656 0.063370 0.067260
0 0.568669 0.497597 0.066251 0.084972
0 0.550604 0.388791 0.064938 0.074750
0 0.764312 0.355248 0.054277 0.053752
0 0.696129 0.648100 0.070570 0.080653
0 0.760937 0.697787 0.076333 0.067691
0 0.639240 0.743875 0.057608 0.070572
0 0.724930 0.807966 0.090734 0.095056
0 0.809906 0.900141 0.076333 0.072012
0 0.829350 0.796444 0.060489 0.077772
0 0.732135 0.977332 0.079214 0.045336
0 0.632039 0.874937 0.080652 0.070572
0 0.565069 0.877816 0.053289 0.067691
0 0.545465 0.828850 0.055051 0.070572
0 0.974443 0.588331 0.051114 0.073450
0 0.967242 0.756837 0.065516 0.073450
0 0.988127 0.815887 0.023746 0.073450
0 0.967964 0.861975 0.064072 0.064809
0 0.925850 0.981755 0.085112 0.036490