0 0.186187 0.949944 0.065673 0.073884
0 0.397574 0.939684 0.072516 0.077987
0 0.394157 0.843225 0.090301 0.090303
0 0.524817 0.977709 0.069781 0.044582
0 0.688321 0.966763 0.068408 0.066474
0 0.886026 0.886322 0.064305 0.083462
0 0.801882 0.887691 0.082095 0.077987
0 0.890134 0.637994 0.056095 0.060200
0 0.980982 0.610628 0.038036 0.073884
0 0.828564 0.092075 0.047888 0.057466
0 0.911475 0.030805 0.060470 0.048656
0 0.919547 0.071553 0.054727 0.038309
0 0.874399 0.080447 0.054727 0.045150
0 0.900394 0.122175 0.041045 0.038309
0 0.882609 0.157750 0.046521 0.046519
0 0.837457 0.180325 0.065673 0.064306
0 0.978246 0.030303 0.043508 0.060606
0 0.940758 0.372559 0.061570 0.073884
0 0.879188 0.344509 0.061570 0.077987
0 0.963194 0.329459 0.073612 0.083462