0 0.209197 0.724093 0.115285 0.124352
0 0.062639 0.891972 0.125278 0.127700
0 0.870496 0.767922 0.151415 0.120403
0 0.926166 0.571244 0.129534 0.132124
0 0.707898 0.511572 0.081613 0.085665
0 0.632427 0.855157 0.120405 0.142956
0 0.819297 0.920250 0.133413 0.144119
0 0.722733 0.927547 0.093037 0.114931
0 0.390711 0.668497 0.096688 0.129525
0 0.695710 0.056037 0.064539 0.062851
0 0.611451 0.076425 0.060202 0.067358
0 0.655231 0.184150 0.060202 0.069322
0 0.636991 0.228847 0.060202 0.045606
0 0.803283 0.166158 0.064418 0.058876
0 0.764690 0.101147 0.074796 0.071147
0 0.198250 0.302728 0.087566 0.109456
0 0.273958 0.084728 0.078443 0.118578
0 0.339378 0.029138 0.119171 0.058275
0 0.160415 0.066363 0.090260 0.104229
0 0.381588 0.197831 0.100336 0.100334
0 0.429932 0.114828 0.072972 0.091216
0 0.481924 0.140369 0.089389 0.105809
0 0.029793 0.383958 0.059585 0.107732
0 0.127591 0.385363 0.089378 0.086788
0 0.119171 0.185323 0.072539 0.100858
0 0.152850 0.768135 0.080311 0.054404
0 0.293394 0.188472 0.084197 0.091969
0 0.441710 0.207902 0.064767 0.097150