0 0.178416 0.612342 0.079630 0.087378
0 0.243268 0.608119 0.065277 0.086705
0 0.147668 0.673575 0.082902 0.080311
0 0.935306 0.764369 0.083048 0.116339
0 0.988414 0.757834 0.023172 0.069824
0 0.959845 0.477332 0.080310 0.089378
0 0.983094 0.348943 0.033812 0.094258
0 0.647438 0.366569 0.090212 0.080289
0 0.520756 0.472688 0.103376 0.093045
0 0.435002 0.486399 0.077259 0.079016
0 0.626295 0.451638 0.086788 0.083770
0 0.721555 0.474249 0.085387 0.095543
0 0.779957 0.388472 0.092736 0.082094
0 0.798202 0.475125 0.077531 0.060809
0 0.614253 0.193119 0.101854 0.101856
0 0.718387 0.173024 0.103376 0.102524
0 0.830959 0.054404 0.115285 0.108808
0 0.977979 0.534326 0.041451 0.045337