0 0.979984 0.771101 0.040032 0.088835
0 0.923898 0.744000 0.097017 0.113187
0 0.561321 0.755816 0.100749 0.116919
0 0.454974 0.777581 0.106967 0.115675
0 0.289039 0.736189 0.108450 0.097571
0 0.178844 0.740891 0.099508 0.104481
0 0.280839 0.636406 0.119408 0.092044
0 0.380963 0.662528 0.080849 0.097019
0 0.433829 0.611531 0.089554 0.079606
0 0.655852 0.887041 0.068408 0.060947
0 0.586198 0.882062 0.078363 0.070897
0 0.510326 0.898234 0.080849 0.070897
0 0.890316 0.350947 0.062190 0.065922
0 0.827501 0.317366 0.083336 0.080850
0 0.247873 0.074197 0.063436 0.054728
0 0.186308 0.073575 0.062190 0.065922
0 0.122247 0.017818 0.058459 0.035636