0 0.086026 0.886322 0.064305 0.083462
0 0.028497 0.879659 0.056994 0.061925
0 0.090134 0.637994 0.056095 0.060200
0 0.201642 0.610628 0.079355 0.073884
0 0.298786 0.614734 0.062938 0.071147
0 0.028564 0.092075 0.047888 0.057466
0 0.109973 0.027769 0.057467 0.054728
0 0.115444 0.002255 0.054727 0.004509
0 0.119547 0.071553 0.054727 0.038309
0 0.074398 0.080447 0.054727 0.045150
0 0.100394 0.122175 0.041045 0.038309
0 0.082609 0.157750 0.046521 0.046519
0 0.037457 0.180325 0.065673 0.064306
0 0.190695 0.030303 0.068408 0.060606
0 0.246794 0.024145 0.065673 0.048290
0 0.327517 0.077709 0.073884 0.080725
0 0.265947 0.061291 0.057467 0.056097
0 0.503335 0.100284 0.067041 0.090303
0 0.388401 0.213163 0.088933 0.080725
0 0.239951 0.329459 0.084830 0.080725
0 0.433177 0.327289 0.066288 0.076859
0 0.140758 0.372559 0.061570 0.073884
0 0.079188 0.344509 0.061570 0.077987
0 0.161278 0.329459 0.069781 0.083462
0 0.912427 0.195375 0.080722 0.077987
0 0.833072 0.186481 0.091669 0.098513
0 0.746874 0.291834 0.069781 0.073884
0 0.817337 0.333566 0.049256 0.064306
0 0.945952 0.644150 0.076619 0.072516
0 0.887306 0.310233 0.067358 0.066062