0 0.012039 0.916963 0.024078 0.070403
0 0.015238 0.808953 0.030476 0.075206
0 0.044155 0.786163 0.049450 0.056783
0 0.081681 0.810553 0.060804 0.046403
0 0.084083 0.740150 0.068803 0.062403
0 0.150484 0.702547 0.060804 0.054403
0 0.208891 0.729750 0.084807 0.048003
0 0.244893 0.871359 0.048001 0.052803
0 0.236090 0.534537 0.078405 0.089606
0 0.186491 0.552137 0.075205 0.067203
0 0.284895 0.548938 0.073607 0.070403
0 0.338498 0.432131 0.094404 0.112006
0 0.400900 0.398528 0.072004 0.080006
0 0.435304 0.444931 0.064005 0.051203
0 0.603315 0.300922 0.076803 0.089606
0 0.401704 0.177713 0.083204 0.108806
0 0.053109 0.268135 0.051813 0.067358
0 0.293693 0.084909 0.068803 0.054403
0 0.247295 0.128909 0.072004 0.065603