0 0.533221 0.965674 0.077935 0.068652
0 0.403614 0.895400 0.069461 0.103347
0 0.773800 0.796288 0.081324 0.077934
0 0.218095 0.677691 0.064381 0.074547
0 0.156257 0.683619 0.062689 0.069463
0 0.111358 0.770025 0.064381 0.062688
0 0.052058 0.797981 0.064381 0.064381
0 0.099500 0.825934 0.057603 0.055909
0 0.305346 0.759859 0.069461 0.069463
0 0.741609 0.275530 0.071158 0.073292
0 0.711116 0.023719 0.057603 0.047438
0 0.784812 0.026259 0.072850 0.052518
0 0.959318 0.286325 0.072850 0.088100
0 0.878845 0.271749 0.047437 0.046089
0 0.931706 0.682362 0.060304 0.071979
0 0.839026 0.840338 0.079627 0.081322
0 0.551856 0.622628 0.074547 0.079628