0 0.618509 0.952963 0.057218 0.058459
0 0.566889 0.945500 0.050995 0.060947
0 0.922623 0.864028 0.065922 0.059703
0 0.951857 0.903209 0.044777 0.063434
0 0.701224 0.737156 0.065922 0.062191
0 0.771499 0.745866 0.064681 0.072141
0 0.767767 0.640138 0.049754 0.052241
0 0.726102 0.607178 0.060950 0.070897
0 0.649604 0.627700 0.064681 0.064678
0 0.719258 0.672478 0.072140 0.064678
0 0.660800 0.766388 0.054727 0.068409
0 0.622861 0.750219 0.053486 0.065922
0 0.654577 0.693003 0.062190 0.065922
0 0.590521 0.609666 0.063436 0.060947
0 0.985257 0.026525 0.029486 0.053050
0 0.736051 0.260772 0.058459 0.057216
0 0.725476 0.331047 0.069654 0.053484