0 0.446891 0.799870 0.059585 0.053109
0 0.427658 0.677041 0.079627 0.067769
0 0.378509 0.805895 0.062718 0.074738
0 0.042220 0.926938 0.067769 0.066075
0 0.306520 0.511853 0.081324 0.052522
0 0.306520 0.577928 0.071158 0.062687
0 0.368358 0.543197 0.062689 0.077934
0 0.394552 0.433607 0.061125 0.066696
0 0.453071 0.443005 0.062689 0.075130
0 0.625034 0.387328 0.088102 0.060991
0 0.596233 0.323494 0.074547 0.066677
0 0.556187 0.391192 0.063152 0.080311
0 0.918136 0.529970 0.071158 0.080666
0 0.807207 0.495840 0.062601 0.064218
0 0.148111 0.113709 0.062689 0.055909
0 0.097281 0.131012 0.062689 0.056630
0 0.021888 0.281438 0.040660 0.062687
0 0.083435 0.297428 0.068880 0.070947
0 0.088811 0.025088 0.062689 0.050176
0 0.027819 0.023394 0.045745 0.046787
0 0.243831 0.070579 0.050826 0.060848
0 0.288218 0.080539 0.058279 0.053949