0 0.220804 0.974093 0.079117 0.051813
0 0.157745 0.976715 0.065338 0.046570
0 0.096996 0.968073 0.090734 0.063853
0 0.612047 0.388601 0.063472 0.067358
0 0.191070 0.671942 0.094543 0.084816
0 0.071244 0.607154 0.069948 0.084774
0 0.030134 0.604894 0.060268 0.072012
0 0.072509 0.668266 0.076333 0.072013
0 0.027253 0.694909 0.054506 0.076331
0 0.016452 0.689147 0.032904 0.076331
0 0.285663 0.764759 0.067689 0.077772
0 0.364154 0.795003 0.066251 0.092175
0 0.421766 0.722994 0.051850 0.074891
0 0.547927 0.987047 0.082902 0.025906
0 0.650797 0.827956 0.080958 0.077428
0 0.928003 0.550573 0.076333 0.085601
0 0.911837 0.393181 0.082741 0.077772
0 0.843421 0.269748 0.079997 0.065402
0 0.832649 0.494825 0.079806 0.088071
0 0.695410 0.513441 0.095053 0.082094
0 0.701891 0.676259 0.076337 0.073597
0 0.761656 0.590494 0.069132 0.074891
0 0.598190 0.658181 0.076333 0.080653
0 0.184849 0.519200 0.122421 0.082094