0 0.711962 0.967443 0.086405 0.065114
0 0.778034 0.982691 0.072850 0.034617
0 0.257063 0.852719 0.084713 0.093181
0 0.325678 0.857800 0.076239 0.069462
0 0.252987 0.910942 0.075922 0.053763
0 0.033000 0.485332 0.063534 0.073377
0 0.145240 0.291928 0.071158 0.089794
0 0.314666 0.276681 0.064381 0.086406
0 0.261953 0.246184 0.078311 0.079628
0 0.417164 0.245338 0.079627 0.081322
0 0.537930 0.184097 0.087353 0.098763
0 0.401167 0.099583 0.074355 0.111714
0 0.773800 0.017627 0.081324 0.035254
0 0.052058 0.015086 0.064381 0.030172
0 0.099500 0.026945 0.057603 0.053889
0 0.847451 0.038860 0.062778 0.077720