0 0.129298 0.966535 0.062331 0.066930
0 0.761716 0.936872 0.068408 0.062331
0 0.708507 0.955116 0.050168 0.068409
0 0.670503 0.920150 0.062331 0.068409
0 0.589931 0.920909 0.056250 0.066891
0 0.494154 0.892025 0.071449 0.060809
0 0.968650 0.917109 0.062699 0.062331
0 0.925140 0.942191 0.057768 0.063850
0 0.878774 0.930031 0.034963 0.063850
0 0.859772 0.454956 0.057768 0.074491
0 0.795923 0.456475 0.066890 0.077531
0 0.770077 0.397188 0.066890 0.062331
0 0.736632 0.442034 0.060809 0.072972
0 0.699385 0.431394 0.050168 0.057769
0 0.660619 0.578094 0.051686 0.053209
0 0.710787 0.611541 0.051686 0.056250
0 0.757157 0.661709 0.059291 0.059291
0 0.664421 0.634344 0.056250 0.062331
0 0.497957 0.568975 0.042568 0.053209
0 0.450068 0.570494 0.050168 0.059291
0 0.426503 0.526280 0.030404 0.047380
0 0.423462 0.474719 0.048650 0.050169
0 0.474391 0.434431 0.053209 0.051687
0 0.442464 0.386544 0.050168 0.056250
0 0.508598 0.340178 0.051686 0.063850
0 0.854452 0.328775 0.056250 0.062331
0 0.900056 0.375144 0.071449 0.072972
0 0.467548 0.237562 0.057768 0.059291
0 0.442464 0.198123 0.053209 0.043914
0 0.372533 0.202597 0.053209 0.059291
0 0.412821 0.217800 0.057768 0.038006
0 0.412059 0.252003 0.056250 0.030406
0 0.964667 0.310534 0.063849 0.071450
0 0.989173 0.237562 0.021654 0.065369
0 0.981573 0.167631 0.036854 0.044088
0 0.881054 0.227681 0.069931 0.085134
0 0.832088 0.216986 0.055368 0.060916
0 0.788212 0.095207 0.047927 0.050518