0 0.847308 0.020725 0.074890 0.041450
0 0.828583 0.215026 0.074890 0.072539
0 0.873705 0.808290 0.063472 0.069948
0 0.723397 0.559519 0.066158 0.067491
0 0.670226 0.369819 0.089158 0.076425
0 0.762332 0.226684 0.072013 0.080311
0 0.662960 0.164275 0.086414 0.086413
0 0.543862 0.194709 0.072898 0.062994
0 0.336923 0.849741 0.070218 0.075130
0 0.504532 0.811656 0.054727 0.059050
0 0.489637 0.571859 0.062176 0.057609
0 0.447279 0.561102 0.065542 0.059142
0 0.305059 0.628028 0.093615 0.066250
0 0.160318 0.607144 0.074890 0.064809
0 0.154723 0.769891 0.065922 0.082094
0 0.228731 0.774209 0.061932 0.064809
0 0.074883 0.844442 0.038367 0.072774
0 0.117876 0.882669 0.067358 0.071450
0 0.369153 0.954237 0.054727 0.064809
0 0.024611 0.191710 0.049222 0.056995