0 0.801149 0.934529 0.112660 0.109990
0 0.801190 0.590714 0.066014 0.080391
0 0.706234 0.616990 0.097895 0.094085
0 0.094878 0.979640 0.093615 0.040720
0 0.184173 0.979641 0.073452 0.040718
0 0.151766 0.882228 0.097934 0.110897
0 0.088396 0.808775 0.092176 0.108016
0 0.016836 0.666912 0.033672 0.097934
0 0.107121 0.634509 0.095053 0.105137
0 0.185611 0.561778 0.093615 0.097934
0 0.209374 0.638828 0.097934 0.076331
0 0.293057 0.055052 0.086114 0.110104
0 0.408642 0.068005 0.081680 0.097150
0 0.119687 0.267994 0.074097 0.074847
0 0.039159 0.281653 0.078317 0.079212
0 0.156472 0.304404 0.075657 0.059585
0 0.041319 0.023809 0.082638 0.047618
0 0.068233 0.049056 0.051850 0.046087
0 0.119365 0.018048 0.082095 0.036095