0 0.348314 0.795053 0.092176 0.109375
0 0.249657 0.813816 0.093615 0.100816
0 0.318070 0.916794 0.086414 0.108016
0 0.126517 0.685638 0.074890 0.083534
0 0.048746 0.694278 0.072013 0.072013
0 0.124844 0.128509 0.000000 0.002281
0 0.186128 0.317616 0.065568 0.077204
0 0.672108 0.190415 0.098101 0.088083
0 0.737856 0.126943 0.081283 0.085492
0 0.921259 0.678075 0.094635 0.098056
0 0.831183 0.659263 0.090076 0.094634
0 0.522764 0.655272 0.072972 0.100334
0 0.540939 0.248668 0.086516 0.082974
0 0.805052 0.167746 0.060881 0.060881
0 0.407383 0.115285 0.047927 0.056995
0 0.359456 0.129534 0.055699 0.062176