0 0.833669 0.844016 0.089295 0.105137
0 0.764537 0.796503 0.095053 0.087825
0 0.781826 0.928526 0.066242 0.077258
0 0.823187 0.948011 0.068653 0.062528
0 0.615609 0.867841 0.073187 0.077652
0 0.588107 0.756237 0.064816 0.067837
0 0.647021 0.673575 0.073834 0.067358
0 0.358661 0.662004 0.075424 0.072365
0 0.339103 0.598969 0.061626 0.070994
0 0.268382 0.521438 0.076333 0.079146
0 0.165155 0.652094 0.058290 0.068437
0 0.186900 0.725664 0.071796 0.065318
0 0.294235 0.710669 0.061789 0.063117
0 0.428247 0.520688 0.067689 0.066250
0 0.458492 0.548772 0.079214 0.056169
0 0.478737 0.602687 0.073615 0.071828
0 0.968912 0.179353 0.062176 0.086413
0 0.569104 0.010463 0.068259 0.020926
0 0.546285 0.217727 0.082208 0.096077
0 0.589261 0.291341 0.082667 0.085713
0 0.619974 0.364637 0.070932 0.079016
0 0.447851 0.268088 0.080981 0.088176
0 0.361996 0.263606 0.084971 0.079213
0 0.419993 0.385716 0.077111 0.075717
0 0.282063 0.384584 0.074890 0.076331
0 0.075390 0.016945 0.070570 0.033890
0 0.018611 0.033508 0.037222 0.067016
0 0.073834 0.051813 0.069948 0.036269
0 0.925518 0.281736 0.066062 0.073834
0 0.686528 0.171632 0.080311 0.055699