0 0.351148 0.892309 0.061932 0.079212
0 0.437562 0.017327 0.084971 0.034654
0 0.321622 0.629469 0.086414 0.072013
0 0.878271 0.725963 0.061932 0.069131
0 0.827145 0.740366 0.048969 0.069131
0 0.029032 0.489047 0.058064 0.073450
0 0.576545 0.368069 0.060489 0.070572
0 0.663679 0.388950 0.056170 0.051847
0 0.483650 0.291451 0.061932 0.069948
0 0.147522 0.279494 0.051521 0.063369
0 0.099110 0.310012 0.064808 0.063914
0 0.721287 0.623681 0.047526 0.063425
0 0.633420 0.588731 0.044041 0.058290
0 0.264896 0.064119 0.045337 0.045337