0 0.267662 0.827649 0.060489 0.067215
0 0.020773 0.759000 0.041545 0.046087
0 0.168286 0.720831 0.057608 0.064809
0 0.320227 0.606334 0.056170 0.060491
0 0.271263 0.604175 0.050407 0.053288
0 0.243895 0.632978 0.044645 0.059050
0 0.464973 0.887900 0.066251 0.076331
0 0.034974 0.800518 0.049223 0.041451
0 0.233813 0.250600 0.050407 0.060491
0 0.310870 0.158939 0.048969 0.049997
0 0.235256 0.146903 0.047526 0.054728
0 0.542025 0.244049 0.070570 0.073590
0 0.258300 0.371762 0.050407 0.059585
0 0.389360 0.501919 0.050407 0.061928
0 0.336071 0.492474 0.053289 0.054896
0 0.677404 0.789244 0.087852 0.086413
0 0.712259 0.719524 0.088435 0.078945
0 0.752298 0.782762 0.073452 0.082094
0 0.621958 0.596253 0.074890 0.106578
0 0.559307 0.560247 0.073452 0.083534
0 0.560026 0.419041 0.060489 0.068653
0 0.624115 0.416861 0.076333 0.096329
0 0.702904 0.406064 0.081239 0.092018
0 0.906699 0.510363 0.085566 0.093264
0 0.822145 0.530631 0.074890 0.079397
0 0.880477 0.568888 0.061932 0.043206
0 0.786143 0.898700 0.077771 0.066250
0 0.863195 0.867016 0.076333 0.072012
0 0.835108 0.923903 0.051850 0.041766
0 0.841589 0.383100 0.076333 0.063369
0 0.537500 0.042746 0.059457 0.049223
0 0.204663 0.329663 0.041451 0.042746
0 0.660622 0.472798 0.049223 0.062176