0 0.014249 0.349093 0.028497 0.068653
0 0.315011 0.969438 0.074631 0.061124
0 0.401459 0.824040 0.073386 0.072951
0 0.479822 0.846831 0.073386 0.084581
0 0.512162 0.882903 0.068409 0.067166
0 0.516578 0.957902 0.072017 0.068653
0 0.563778 0.978145 0.062190 0.043710
0 0.133413 0.172053 0.079604 0.078362
0 0.316257 0.210613 0.064681 0.065922
0 0.285622 0.446506 0.068653 0.071769
0 0.529221 0.647023 0.076577 0.071248
0 0.150073 0.697875 0.078092 0.062800
0 0.082680 0.898316 0.065210 0.076425
0 0.039508 0.923575 0.050518 0.051813
0 0.903299 0.935233 0.082002 0.082902
0 0.729829 0.939497 0.073386 0.078363
0 0.648984 0.893135 0.065922 0.058290