0 0.723480 0.964255 0.089447 0.071490
0 0.435003 0.959694 0.093725 0.080612
0 0.153497 0.767487 0.125648 0.136010
0 0.335798 0.805052 0.101648 0.120466
0 0.439071 0.796378 0.098817 0.103119
0 0.551566 0.236888 0.114017 0.121445
0 0.648033 0.154145 0.118443 0.134715
0 0.431995 0.120788 0.084197 0.123710
0 0.384395 0.263820 0.092625 0.114847
0 0.455794 0.223881 0.089695 0.107938
0 0.069847 0.115285 0.077922 0.090674
0 0.684585 0.627591 0.058290 0.058290
0 0.376295 0.457238 0.091969 0.109456
0 0.170956 0.488342 0.085550 0.069948
0 0.494819 0.466824 0.051813 0.110393
0 0.227979 0.112694 0.077720 0.082902
0 0.819301 0.578368 0.073834 0.079016