0 0.597175 0.174116 0.001518 0.000000
0 0.161862 0.421923 0.085603 0.100323
0 0.131143 0.174870 0.066729 0.075130
0 0.092456 0.062176 0.080572 0.095855
0 0.258887 0.060881 0.072900 0.080311
0 0.229278 0.123191 0.071449 0.071450
0 0.534087 0.436708 0.057768 0.067716
0 0.585773 0.448203 0.051686 0.064734
0 0.619979 0.613466 0.001518 0.000000
0 0.651902 0.032330 0.074490 0.064660
0 0.607054 0.050978 0.069931 0.079053
0 0.589628 0.030810 0.065266 0.061620
0 0.159974 0.187176 0.055699 0.063472
0 0.240285 0.288860 0.066062 0.067358
0 0.297927 0.362047 0.044041 0.045337