0 0.718912 0.461140 0.088083 0.093264
0 0.546246 0.250841 0.063849 0.085134
0 0.594895 0.199875 0.088172 0.083688
0 0.457132 0.149611 0.065011 0.060881
0 0.957472 0.038212 0.077531 0.076424
0 0.531736 0.292658 0.079016 0.062353
0 0.415884 0.341969 0.064606 0.067358
0 0.973036 0.147462 0.053928 0.063850
0 0.888601 0.161269 0.059585 0.076425
0 0.853627 0.181995 0.046632 0.066062
0 0.709197 0.237047 0.071244 0.072539
0 0.742228 0.110104 0.069948 0.082902
0 0.913860 0.019430 0.068653 0.036269
0 0.966321 0.093912 0.033679 0.042746
0 0.654793 0.851684 0.045337 0.081606
0 0.299870 0.863342 0.060881 0.047927
0 0.628886 0.244819 0.045337 0.054404
0 0.655440 0.195596 0.038860 0.054404