0 0.024611 0.930507 0.049222 0.056085
0 0.331731 0.578222 0.057245 0.068360
0 0.382930 0.589825 0.067041 0.086197
0 0.549851 0.427009 0.053359 0.080725
0 0.596371 0.448216 0.086198 0.062938
0 0.655206 0.336022 0.083463 0.093037
0 0.551904 0.216303 0.076619 0.072516
0 0.083932 0.091229 0.060116 0.073649
0 0.482810 0.409222 0.067041 0.091672
0 0.499227 0.332603 0.061570 0.064306
0 0.970922 0.687755 0.058155 0.098308
0 0.886010 0.539709 0.059585 0.074237
0 0.776978 0.529625 0.080722 0.080725
0 0.758507 0.364072 0.087566 0.086197
0 0.903494 0.215768 0.071236 0.081795
0 0.961002 0.214934 0.065673 0.080725