0 0.808850 0.944472 0.064305 0.065675
0 0.750701 0.947894 0.054727 0.058834
0 0.718549 0.754291 0.067041 0.060200
0 0.651503 0.783706 0.075252 0.053359
0 0.669974 0.711875 0.079355 0.057466
0 0.460641 0.765237 0.062938 0.060200
0 0.420277 0.815175 0.069781 0.053359
0 0.503054 0.735134 0.060202 0.051991
0 0.700078 0.038716 0.071149 0.062938
0 0.776011 0.151594 0.061570 0.072516
0 0.708284 0.152959 0.060202 0.086197
0 0.685028 0.083866 0.079355 0.038309
0 0.836213 0.306884 0.069781 0.073884
0 0.786276 0.252841 0.068409 0.061569
0 0.669293 0.248734 0.056095 0.064306
0 0.728127 0.246684 0.036942 0.049256
0 0.768486 0.317831 0.060202 0.057466
0 0.804747 0.371875 0.064305 0.053359
0 0.846473 0.386925 0.043780 0.047888
0 0.875891 0.335619 0.064305 0.057466
0 0.980020 0.422500 0.039960 0.067044
0 0.914200 0.449862 0.067041 0.080725
0 0.969757 0.488856 0.060486 0.049256
0 0.815693 0.456703 0.053359 0.058834
0 0.934039 0.674250 0.062938 0.064306
0 0.883415 0.716666 0.076619 0.064306