0 0.902889 0.742525 0.080652 0.105137
0 0.954327 0.696322 0.091346 0.102488
0 0.818587 0.784976 0.087951 0.103624
0 0.653497 0.677461 0.073834 0.082902
0 0.569301 0.532090 0.071244 0.073126
0 0.710361 0.476036 0.084460 0.079016
0 0.581000 0.204603 0.070570 0.095056
0 0.615563 0.237006 0.082095 0.099375
0 0.650851 0.031010 0.083533 0.062020
0 0.689632 0.039508 0.068923 0.079016
0 0.619036 0.048698 0.072269 0.068408
0 0.642412 0.103066 0.049373 0.070572
0 0.434816 0.199563 0.077771 0.064809
0 0.433938 0.257169 0.082902 0.061928
0 0.423422 0.315699 0.078027 0.055130
0 0.264149 0.254291 0.076333 0.090734
0 0.191417 0.251409 0.066251 0.082094
0 0.252629 0.041812 0.079214 0.083623
0 0.200779 0.024529 0.082095 0.049058
0 0.165496 0.044691 0.092176 0.089382
0 0.076920 0.043252 0.087852 0.086503
0 0.669449 0.916981 0.079919 0.058125
0 0.670337 0.102979 0.042746 0.055699