0 0.208940 0.890722 0.063850 0.079488
0 0.266275 0.921344 0.074274 0.088609
0 0.319700 0.892675 0.061246 0.067759
0 0.513204 0.559744 0.088609 0.087306
0 0.700040 0.557791 0.081785 0.080791
0 0.638947 0.614444 0.079486 0.074220
0 0.618098 0.557892 0.084699 0.099241
0 0.531444 0.819703 0.075576 0.078184
0 0.570123 0.834626 0.079961 0.094996
0 0.623964 0.792341 0.078184 0.067759
0 0.674132 0.811896 0.076883 0.091233
0 0.732120 0.757156 0.072972 0.072972
0 0.736452 0.813841 0.058184 0.056031
0 0.926926 0.731097 0.071670 0.067759
0 0.912591 0.785989 0.071670 0.039421
0 0.549223 0.625648 0.072539 0.062176
0 0.441062 0.954016 0.066062 0.066062