0 0.039390 0.781290 0.074069 0.095451
0 0.214378 0.907383 0.071244 0.076425
0 0.319911 0.812936 0.072614 0.073610
0 0.235716 0.833397 0.068408 0.070940
0 0.434864 0.592181 0.098817 0.088175
0 0.254718 0.656031 0.079054 0.088175
0 0.190868 0.658312 0.066890 0.077531
0 0.472150 0.379534 0.089378 0.072539
0 0.160313 0.222766 0.064150 0.072972
0 0.723498 0.140684 0.089273 0.094280
0 0.629447 0.115285 0.077548 0.085492
0 0.882794 0.222214 0.081650 0.055828
0 0.952407 0.050303 0.066689 0.080741
0 0.195596 0.341321 0.056995 0.071244