0 0.611427 0.568934 0.098390 0.096494
0 0.650259 0.615211 0.101036 0.088231
0 0.688972 0.217519 0.103696 0.105138
0 0.542638 0.020078 0.085275 0.040155
0 0.292188 0.859924 0.087852 0.087724
0 0.409290 0.865898 0.082975 0.081536
0 0.041319 0.808013 0.082638 0.079212
0 0.070377 0.850182 0.056138 0.048340
0 0.119469 0.806337 0.082305 0.081627
0 0.168205 0.753019 0.070326 0.068215
0 0.207902 0.287123 0.089378 0.089789
0 0.297492 0.060983 0.081182 0.080107
0 0.155058 0.440309 0.076955 0.080100
0 0.558938 0.685881 0.089378 0.068653