0 0.619165 0.744150 0.057603 0.060803
0 0.559160 0.753750 0.056005 0.064003
0 0.733572 0.684947 0.068803 0.086406
0 0.807174 0.684147 0.062402 0.081606
0 0.799175 0.748950 0.072004 0.060803
0 0.863979 0.814553 0.060804 0.086406
0 0.797572 0.809753 0.052805 0.060803
0 0.060957 0.364153 0.057148 0.059259
0 0.302343 0.036906 0.064005 0.070403
0 0.967992 0.020853 0.064015 0.041706
0 0.991193 0.039306 0.017614 0.068803
0 0.923983 0.044906 0.068803 0.070403
0 0.823977 0.276919 0.051202 0.044803
0 0.764771 0.255319 0.048001 0.043203
0 0.844707 0.222516 0.067062 0.054403
0 0.648766 0.018452 0.062402 0.036904
0 0.603961 0.023252 0.052805 0.046504
0 0.640544 0.153891 0.071244 0.041960
0 0.547156 0.244919 0.051202 0.051203
0 0.501557 0.238519 0.052805 0.051203
0 0.023963 0.112288 0.047926 0.070761
0 0.059661 0.251295 0.049073 0.064767
0 0.143130 0.023252 0.068803 0.046504
0 0.753571 0.515334 0.067205 0.076806