0 0.891582 0.234000 0.078500 0.089231
0 0.875508 0.338700 0.079712 0.074953
0 0.797577 0.340484 0.071384 0.073766
0 0.164036 0.755112 0.072573 0.096369
0 0.422808 0.631378 0.090423 0.105888
0 0.108120 0.746188 0.051159 0.090422
0 0.047218 0.354759 0.094436 0.133253
0 0.337738 0.602343 0.086851 0.090651
0 0.415669 0.213181 0.066627 0.061866
0 0.396634 0.148341 0.083284 0.055919
0 0.347853 0.203751 0.071384 0.069181
0 0.256240 0.134656 0.054727 0.066625
0 0.331196 0.037565 0.107075 0.075130
0 0.239637 0.036269 0.054404 0.069948
0 0.548575 0.613342 0.045337 0.042746
0 0.660622 0.529793 0.046632 0.036269
0 0.708549 0.514249 0.049223 0.049223
0 0.138601 0.350389 0.056995 0.084197