0 0.023038 0.132159 0.046075 0.074797
0 0.081650 0.132159 0.093037 0.067500
0 0.102626 0.070131 0.076619 0.078444
0 0.114484 0.014543 0.071149 0.029086
0 0.212996 0.082903 0.096688 0.078444
0 0.281409 0.049153 0.069325 0.087566
0 0.340695 0.025489 0.041957 0.050978
0 0.399073 0.023665 0.063849 0.047330
0 0.340695 0.301816 0.107635 0.096687
0 0.410020 0.372053 0.111282 0.087566
0 0.331577 0.376612 0.082095 0.074797
0 0.266811 0.429516 0.083919 0.082094
0 0.277757 0.652991 0.076619 0.080269
0 0.132729 0.644781 0.089389 0.082094
0 0.081650 0.577284 0.089389 0.074797
0 0.049722 0.634750 0.091213 0.083916
0 0.018135 0.654145 0.036269 0.080311
0 0.130905 0.887413 0.085742 0.085741
0 0.098978 0.953088 0.054727 0.078444
0 0.776700 0.510697 0.085742 0.098513
0 0.824132 0.537150 0.067497 0.093037
0 0.679092 0.612145 0.109479 0.099938
0 0.905505 0.313472 0.087954 0.106218
0 0.745190 0.288212 0.084749 0.076425
0 0.603627 0.053756 0.064767 0.076425
0 0.855570 0.386658 0.050518 0.055699
0 0.853627 0.553109 0.056995 0.069948