0 0.635179 0.814847 0.059291 0.094256
0 0.678325 0.814163 0.060448 0.068564
0 0.368659 0.922078 0.066334 0.059182
0 0.420220 0.953368 0.061114 0.059585
0 0.477076 0.894659 0.059291 0.062331
0 0.537565 0.935741 0.075130 0.071523
0 0.757136 0.922199 0.066038 0.077882
0 0.873098 0.797366 0.069931 0.080572
0 0.869295 0.741116 0.074490 0.059291
0 0.785682 0.607513 0.068409 0.064767
0 0.757558 0.800406 0.082095 0.074491
0 0.950629 0.904541 0.069931 0.076013
0 0.895141 0.934947 0.074490 0.079053
0 0.855614 0.987997 0.083613 0.024006
0 0.999638 0.997878 0.000724 0.004244
0 0.965433 0.971431 0.069134 0.048647
0 0.915666 0.703869 0.060809 0.060809
0 0.981218 0.874352 0.037564 0.059585