0 0.179059 0.391569 0.084562 0.092519
0 0.313935 0.383750 0.073094 0.056031
0 0.385009 0.799428 0.061246 0.095122
0 0.078202 0.782488 0.072850 0.069063
0 0.106031 0.836566 0.074533 0.075578
0 0.069671 0.978875 0.071670 0.042250
0 0.098990 0.941462 0.070364 0.079488
0 0.152415 0.912144 0.072972 0.072972
0 0.235812 0.932341 0.062548 0.063850
0 0.188436 0.986041 0.072037 0.027918
0 0.279461 0.973012 0.056033 0.053976
0 0.303572 0.911491 0.070364 0.074275
0 0.325069 0.980830 0.058637 0.038340
0 0.377192 0.983434 0.050821 0.033131
0 0.401952 0.951234 0.048213 0.067759
0 0.480785 0.892597 0.086001 0.091216
0 0.426707 0.845688 0.087307 0.091216