0 0.040155 0.907375 0.080310 0.099759
0 0.017530 0.972399 0.035060 0.055202
0 0.230518 0.652989 0.067760 0.072818
0 0.284339 0.696268 0.081580 0.091920
0 0.121933 0.665155 0.087741 0.094560
0 0.295021 0.861403 0.001302 0.000000
0 0.950423 0.908313 0.087375 0.093822
0 0.897035 0.976308 0.082095 0.047384
0 0.761658 0.880992 0.067358 0.070275
0 0.836788 0.694301 0.082902 0.103626
0 0.590816 0.490031 0.118576 0.109456
0 0.631212 0.397513 0.097732 0.093822
0 0.465072 0.379522 0.091213 0.080287
0 0.483125 0.468263 0.075201 0.089380
0 0.409948 0.456803 0.078964 0.092519
0 0.694878 0.022021 0.084337 0.044041
0 0.705311 0.063472 0.071244 0.059585
0 0.636010 0.053109 0.069948 0.059585
0 0.044041 0.957902 0.069948 0.040155