0 0.700346 0.170023 0.104489 0.095187
0 0.607375 0.062824 0.085768 0.076425
0 0.486960 0.082144 0.106417 0.104897
0 0.543645 0.253663 0.087291 0.090227
0 0.137638 0.767487 0.078385 0.104922
0 0.225989 0.762368 0.084103 0.078892
0 0.306047 0.753328 0.094254 0.082094
0 0.255181 0.677901 0.082902 0.092384
0 0.248057 0.589903 0.089378 0.095775
0 0.162284 0.472798 0.092530 0.088083
0 0.220155 0.345144 0.107936 0.101856
0 0.018484 0.478837 0.036968 0.068233
0 0.047280 0.054404 0.094560 0.108808
0 0.235508 0.033031 0.077234 0.066062
0 0.305430 0.038411 0.080850 0.076822
0 0.315170 0.133831 0.088172 0.068409
0 0.009715 0.406088 0.016839 0.055699
0 0.194948 0.522021 0.073834 0.056995