0 0.026994 0.971343 0.053988 0.057314
0 0.182489 0.290406 0.079355 0.090181
0 0.308710 0.278624 0.069109 0.070202
0 0.252952 0.265153 0.075252 0.088934
0 0.145011 0.181325 0.091965 0.079994
0 0.137336 0.072922 0.093037 0.079356
0 0.237897 0.694091 0.086198 0.087566
0 0.136753 0.609944 0.088727 0.091672
0 0.368562 0.628416 0.090301 0.073884
0 0.320679 0.700931 0.071149 0.076619
0 0.270816 0.887319 0.064150 0.067791
0 0.341678 0.962001 0.064719 0.075998
0 0.424332 0.960606 0.089652 0.078787
0 0.677780 0.973605 0.082095 0.052790
0 0.956988 0.932844 0.066430 0.058834
0 0.573111 0.816544 0.094409 0.077987
0 0.519066 0.882219 0.084830 0.077987
0 0.703851 0.570106 0.087420 0.099562
0 0.599106 0.147488 0.091669 0.080725
0 0.975027 0.028935 0.049946 0.057870
0 0.785870 0.400606 0.082095 0.080725
0 0.475285 0.718034 0.068408 0.067044