0 0.326425 0.952073 0.113990 0.095854
0 0.272688 0.817443 0.110064 0.100865
0 0.207180 0.776336 0.111252 0.104485
0 0.309042 0.687070 0.115494 0.096938
0 0.362707 0.752619 0.098470 0.121818
0 0.456409 0.707494 0.099880 0.132716
0 0.559987 0.633420 0.120959 0.119171
0 0.435881 0.411269 0.112694 0.091969
0 0.504534 0.340170 0.117876 0.128526
0 0.611701 0.344916 0.093037 0.116297
0 0.691056 0.549509 0.073884 0.084919
0 0.639249 0.791528 0.084197 0.098291
0 0.685585 0.399644 0.071149 0.083462
0 0.730734 0.385962 0.101247 0.110825
0 0.785312 0.314934 0.089999 0.111065
0 0.771783 0.604875 0.093036 0.105353
0 0.556347 0.800518 0.081606 0.085492
0 0.431347 0.882772 0.077720 0.112694
0 0.845207 0.521373 0.094560 0.058290
0 0.839378 0.564767 0.080311 0.059585
0 0.784326 0.113990 0.091969 0.080311