0 0.665468 0.099322 0.083919 0.074797
0 0.713731 0.111399 0.062176 0.062176
0 0.752323 0.062396 0.067893 0.057434
0 0.636593 0.119509 0.048057 0.064090
0 0.809589 0.129634 0.072972 0.069747
0 0.870286 0.127573 0.070309 0.058326
0 0.902626 0.070131 0.076619 0.078444
0 0.914484 0.014543 0.071149 0.029086
0 0.991580 0.082903 0.016839 0.078444
0 0.932729 0.644781 0.089389 0.082094
0 0.881649 0.577284 0.089389 0.074797
0 0.849722 0.634750 0.091213 0.083916
0 0.797628 0.654470 0.082302 0.080960
0 0.930906 0.887413 0.085742 0.085741
0 0.898978 0.953088 0.054727 0.078444
0 0.857513 0.736399 0.093264 0.076425