0 0.776906 0.336712 0.067168 0.062327
0 0.725291 0.357169 0.058459 0.060947
0 0.908130 0.535034 0.063436 0.070897
0 0.789968 0.598472 0.048509 0.058459
0 0.860867 0.640138 0.060950 0.067166
0 0.861488 0.856566 0.064681 0.064678
0 0.783129 0.866516 0.067168 0.074631
0 0.756048 0.758586 0.069090 0.071576
0 0.837236 0.177444 0.060950 0.062210
0 0.911862 0.299328 0.060950 0.054728
0 0.984851 0.241491 0.030297 0.053484
0 0.966195 0.035855 0.067610 0.071709
0 0.986718 0.082281 0.026563 0.063434
0 0.892487 0.473446 0.049223 0.068653
0 0.746114 0.855570 0.033679 0.053109
0 0.726684 0.726684 0.033679 0.051813