0 0.108130 0.535034 0.063436 0.070897
0 0.093208 0.475331 0.055972 0.065922
0 0.060867 0.640138 0.060950 0.067166
0 0.061488 0.856566 0.064681 0.064678
0 0.394835 0.521975 0.062190 0.059703
0 0.227419 0.578368 0.060706 0.055699
0 0.424689 0.622103 0.064681 0.063434
0 0.334197 0.651338 0.051813 0.052247
0 0.322070 0.349081 0.050995 0.057216
0 0.399812 0.332291 0.057218 0.053484
0 0.332645 0.169972 0.057218 0.062191
0 0.368092 0.172459 0.068408 0.062191
0 0.380533 0.129547 0.073386 0.060947
0 0.310879 0.177434 0.073386 0.064678
0 0.037236 0.176796 0.060950 0.060915
0 0.111862 0.299328 0.060950 0.054728
0 0.193957 0.241491 0.048509 0.053484
0 0.166594 0.044689 0.068408 0.063472
0 0.253041 0.034394 0.057218 0.064678
0 0.280404 0.058128 0.052240 0.059909
0 0.198934 0.082281 0.050995 0.063434
0 0.526059 0.385775 0.053486 0.073388
0 0.642981 0.195469 0.080849 0.088312
0 0.600522 0.124802 0.060613 0.060486
0 0.506780 0.051806 0.057218 0.082094
0 0.447701 0.054294 0.060950 0.064678
0 0.470087 0.107156 0.048509 0.041047
0 0.603797 0.012222 0.072140 0.024444
0 0.707037 0.330425 0.072140 0.074631
0 0.645467 0.383532 0.055972 0.048998
0 0.891122 0.091609 0.082095 0.074631
0 0.832914 0.118455 0.049248 0.060744
0 0.308290 0.673575 0.041451 0.049223
0 0.483808 0.391192 0.037565 0.062176