0 0.954663 0.711232 0.090674 0.160807
0 0.861527 0.684916 0.112194 0.117666
0 0.784222 0.784911 0.135454 0.147541
0 0.652871 0.795741 0.143660 0.131350
0 0.578368 0.694301 0.110104 0.139896
0 0.502367 0.658922 0.105351 0.125875
0 0.282088 0.411959 0.124508 0.121772
0 0.955959 0.138745 0.088082 0.093551
0 0.036718 0.628238 0.073436 0.116580
0 0.126943 0.487694 0.088083 0.104922
0 0.112427 0.614982 0.110826 0.128927
0 0.045984 0.823187 0.091968 0.128238
0 0.641192 0.395078 0.108808 0.121762
0 0.039508 0.691062 0.079016 0.071244