0 0.932958 0.849183 0.070580 0.079196
0 0.880680 0.650028 0.062938 0.077987
0 0.499139 0.635499 0.074261 0.073561
0 0.474323 0.669866 0.060202 0.062938
0 0.710338 0.856628 0.001368 0.001369
0 0.181522 0.682866 0.079355 0.108088
0 0.241932 0.690932 0.052406 0.058551
0 0.085492 0.540803 0.075130 0.079016
0 0.099349 0.217063 0.079526 0.079204
0 0.161002 0.214934 0.065673 0.080725
0 0.354622 0.378209 0.083503 0.088023
0 0.405228 0.465319 0.077987 0.099878
0 0.473873 0.448938 0.072980 0.102539
0 0.529793 0.538860 0.056995 0.067358
0 0.659454 0.384086 0.077466 0.066025
0 0.726755 0.492681 0.069781 0.072516
0 0.797222 0.492000 0.068409 0.071147
0 0.863577 0.495419 0.094409 0.067044
0 0.915568 0.530309 0.077987 0.060200
0 0.954302 0.299500 0.074407 0.071984
0 0.968246 0.245719 0.062938 0.071147
0 0.472269 0.184150 0.083463 0.073884
0 0.577619 0.038030 0.083463 0.076060
0 0.784908 0.029822 0.062938 0.059644
0 0.789693 0.116425 0.061570 0.069778
0 0.923779 0.023665 0.080722 0.047330
0 0.848527 0.018876 0.075252 0.037752