0 0.255836 0.967617 0.107498 0.064766
0 0.562864 0.604034 0.093615 0.094079
0 0.435400 0.259331 0.095053 0.112338
0 0.173281 0.349123 0.086414 0.073894
0 0.061665 0.792098 0.067689 0.071244
0 0.146131 0.851036 0.078204 0.044041
0 0.751531 0.536575 0.082095 0.093616
0 0.871790 0.478244 0.083533 0.086413
0 0.950298 0.451425 0.099404 0.094560
0 0.986304 0.284974 0.027392 0.077720
0 0.863410 0.232002 0.084060 0.080584
0 0.856218 0.327073 0.080311 0.089378
0 0.373057 0.263601 0.051813 0.081606
0 0.164508 0.826425 0.038860 0.025907