0 0.596699 0.963083 0.086395 0.073834
0 0.541451 0.911917 0.101036 0.085492
0 0.488891 0.970207 0.091771 0.059585
0 0.406598 0.846266 0.066251 0.073361
0 0.462878 0.870094 0.066472 0.071794
0 0.325946 0.781736 0.069132 0.076425
0 0.259970 0.787452 0.074344 0.067131
0 0.161416 0.789826 0.061174 0.053745
0 0.191631 0.823138 0.059744 0.053207
0 0.222393 0.893135 0.071728 0.068653
0 0.271610 0.910024 0.052636 0.068554
0 0.485088 0.679875 0.082095 0.106578
0 0.538920 0.578978 0.075250 0.075054
0 0.705443 0.474644 0.076333 0.113778
0 0.830026 0.599944 0.092176 0.093616
0 0.783577 0.772668 0.085697 0.091969
0 0.397152 0.114662 0.076161 0.079064
0 0.606155 0.147343 0.064641 0.077070
0 0.743612 0.239169 0.086414 0.100816
0 0.815782 0.244209 0.074570 0.082094
0 0.895553 0.011567 0.076333 0.023134
0 0.595855 0.336788 0.049223 0.062176
0 0.486399 0.193653 0.060881 0.050518
0 0.972150 0.438472 0.055699 0.086788
0 0.911917 0.615933 0.088083 0.104922
0 0.690415 0.123705 0.062176 0.066062
0 0.662565 0.615933 0.079016 0.058290
0 0.568653 0.746762 0.072539 0.081606
0 0.708549 0.680699 0.049223 0.060881
0 0.907383 0.948187 0.079016 0.080311
0 0.520725 0.430699 0.051813 0.055699