0 0.065324 0.813653 0.074885 0.072003
0 0.220207 0.821891 0.085492 0.091969
0 0.238134 0.918778 0.066246 0.069125
0 0.602197 0.894297 0.069679 0.072003
0 0.539831 0.761087 0.064804 0.064803
0 0.235800 0.472798 0.062274 0.080311
0 0.388623 0.148328 0.076323 0.080644
0 0.337007 0.192358 0.047071 0.068653
0 0.430355 0.239696 0.058978 0.064649
0 0.191331 0.600519 0.064804 0.069125
0 0.489740 0.676166 0.056789 0.075130
0 0.287817 0.834534 0.070566 0.093606
0 0.308699 0.875575 0.060484 0.054725
0 0.343982 0.810053 0.044641 0.064803
0 0.774568 0.659562 0.001438 0.000000
0 0.034974 0.595855 0.069948 0.077720