0 0.667098 0.982520 0.069948 0.034960
0 0.395841 0.833028 0.103696 0.114243
0 0.071790 0.478244 0.083533 0.086413
0 0.158204 0.445119 0.115216 0.123859
0 0.274144 0.285253 0.084971 0.103697
0 0.207173 0.277334 0.069132 0.090734
0 0.069628 0.227647 0.096496 0.089294
0 0.060989 0.329900 0.090734 0.100816
0 0.446584 0.364890 0.077105 0.076930
0 0.833669 0.048292 0.089295 0.096584
0 0.764537 0.020208 0.095053 0.040416
0 0.776062 0.124669 0.077771 0.084972
0 0.832227 0.151313 0.057608 0.069131
0 0.608995 0.062741 0.086414 0.087853
0 0.583070 0.000766 0.074890 0.001531
0 0.554468 0.354922 0.072412 0.044041