0 0.172601 0.778701 0.083545 0.098854
0 0.179086 0.620016 0.073452 0.073450
0 0.129023 0.580157 0.068378 0.069640
0 0.207852 0.574034 0.053208 0.044441
0 0.426804 0.200912 0.076333 0.082094
0 0.262619 0.095323 0.064808 0.071475
0 0.374883 0.060553 0.073599 0.071884
0 0.009405 0.941900 0.018809 0.061796
0 0.063842 0.950337 0.064992 0.062709
0 0.117432 0.937225 0.044467 0.045606
0 0.127123 0.974885 0.052447 0.050230
0 0.172732 0.975435 0.054727 0.046724
0 0.242146 0.945682 0.072703 0.085320
0 0.449634 0.886658 0.056690 0.066062
0 0.574074 0.754797 0.052447 0.054728
0 0.612530 0.774962 0.049552 0.056293
0 0.541232 0.785774 0.056557 0.061186
0 0.795304 0.773907 0.056929 0.052995
0 0.805699 0.819399 0.044041 0.042550
0 0.729705 0.535313 0.074110 0.069550
0 0.782783 0.452720 0.063968 0.066062
0 0.798874 0.341670 0.055101 0.065365
0 0.754789 0.316364 0.060428 0.062781
0 0.514784 0.181287 0.061570 0.082094
0 0.316795 0.130634 0.055529 0.065156
0 0.577118 0.363546 0.053199 0.066470
0 0.592888 0.527331 0.064992 0.058150
0 0.596305 0.449800 0.064992 0.053588
0 0.397021 0.555699 0.063472 0.062176