0 0.970526 0.668368 0.058947 0.082851
0 0.975878 0.775790 0.048243 0.098680
0 0.567471 0.718716 0.073767 0.091609
0 0.595426 0.031284 0.058299 0.062568
0 0.354504 0.897181 0.061866 0.072575
0 0.387221 0.819847 0.063055 0.070194
0 0.436002 0.756194 0.072573 0.078525
0 0.502630 0.748463 0.074956 0.065438
0 0.473480 0.553937 0.090423 0.078525
0 0.532968 0.039966 0.057110 0.071384
0 0.323569 0.398339 0.066627 0.066107
0 0.364619 0.451022 0.051160 0.058297
0 0.308698 0.189872 0.072573 0.064247
0 0.343798 0.270181 0.045209 0.048781
0 0.240290 0.240438 0.064244 0.063056
0 0.209951 0.184519 0.074956 0.060678
0 0.287877 0.884094 0.071384 0.079713
0 0.456823 0.633650 0.078523 0.085663
0 0.322380 0.643763 0.064244 0.072575
0 0.260514 0.641384 0.069005 0.070194
0 0.214708 0.577138 0.072573 0.074953
0 0.286091 0.553938 0.065438 0.083281
0 0.492515 0.047103 0.069005 0.066625
0 0.038627 0.609856 0.072573 0.090422
0 0.021396 0.042344 0.042791 0.073766