0 0.056347 0.202720 0.063472 0.071244
0 0.041863 0.293481 0.060410 0.075253
0 0.098746 0.304428 0.072516 0.075253
0 0.267691 0.120818 0.079423 0.069245
0 0.299873 0.077987 0.091669 0.073884
0 0.702023 0.053008 0.067258 0.064969
0 0.974547 0.081409 0.050906 0.067044
0 0.958837 0.109845 0.065342 0.044559
0 0.804726 0.531277 0.061533 0.070325
0 0.731442 0.483442 0.068204 0.075693
0 0.442851 0.392678 0.076619 0.068409
0 0.417363 0.448791 0.069419 0.073920
0 0.423013 0.491872 0.072516 0.056097
0 0.531103 0.540155 0.064305 0.072539
0 0.621195 0.552242 0.052946 0.050956
0 0.502367 0.690947 0.058835 0.054728
0 0.560881 0.716587 0.049223 0.051281
0 0.437381 0.777828 0.057467 0.067044
0 0.365985 0.772356 0.066167 0.072516
0 0.170089 0.347796 0.051014 0.063476
0 0.236496 0.450112 0.060687 0.071209