0 0.613048 0.683254 0.071670 0.079087
0 0.538120 0.689119 0.072972 0.085492
0 0.100570 0.315154 0.063109 0.068132
0 0.055274 0.348262 0.053554 0.054038
0 0.316600 0.377888 0.059939 0.067759
0 0.255353 0.342706 0.057338 0.072972
0 0.290539 0.770759 0.059939 0.069063
0 0.292494 0.646969 0.040396 0.040394
0 0.243628 0.648272 0.033878 0.058638
0 0.018135 0.670984 0.036269 0.044041
0 0.181734 0.878262 0.063849 0.080791
0 0.181734 0.450777 0.045609 0.056995
0 0.233856 0.471056 0.050821 0.063850
0 0.352332 0.324482 0.044041 0.040155
0 0.108161 0.758420 0.042746 0.029793