0 0.415669 0.991124 0.066627 0.017752
0 0.396634 0.948341 0.083284 0.055919
0 0.347853 0.984580 0.071384 0.030839
0 0.501303 0.710298 0.088098 0.094172
0 0.606204 0.719560 0.054376 0.073834
0 0.527506 0.615766 0.104697 0.097484
0 0.638153 0.490896 0.088040 0.088010
0 0.838083 0.615285 0.088083 0.080311
0 0.213409 0.551556 0.095180 0.123734
0 0.331196 0.797241 0.107075 0.132062
0 0.225902 0.801813 0.084473 0.098446
0 0.030561 0.370812 0.061122 0.097755
0 0.062176 0.267660 0.082902 0.087133
0 0.273494 0.028905 0.082095 0.057810
0 0.812453 0.042344 0.060677 0.073766
0 0.597506 0.093912 0.055115 0.063472
0 0.047927 0.543394 0.056995 0.071244
0 0.432642 0.632124 0.075130 0.067358