0 0.435750 0.948293 0.087049 0.103414
0 0.693789 0.801332 0.096877 0.096818
0 0.414802 0.963342 0.108091 0.073316
0 0.951687 0.729963 0.068129 0.060799
0 0.982070 0.665086 0.035860 0.060741
0 0.156988 0.932844 0.066430 0.058834
0 0.637821 0.030303 0.083463 0.060606
0 0.672028 0.069009 0.075252 0.077008
0 0.398333 0.113495 0.086095 0.083891
0 0.186311 0.018135 0.072516 0.036269
0 0.587435 0.508013 0.063472 0.060200
0 0.010363 0.403497 0.020725 0.053109
0 0.750015 0.371105 0.064305 0.076444
0 0.831779 0.347931 0.067703 0.076619
0 0.891866 0.243436 0.063418 0.070122
0 0.837581 0.159119 0.077987 0.073884
0 0.894430 0.147767 0.073834 0.059389
0 0.193880 0.482513 0.063017 0.050518
0 0.642738 0.333419 0.072657 0.072656
0 0.646373 0.701425 0.056995 0.063472