0 0.100683 0.467927 0.060489 0.055025
0 0.335620 0.477434 0.057250 0.070572
0 0.382107 0.481034 0.041486 0.063369
0 0.200060 0.628659 0.051850 0.067691
0 0.148933 0.647381 0.056170 0.067691
0 0.180616 0.691309 0.053289 0.060491
0 0.267030 0.705709 0.059051 0.054728
0 0.277112 0.644500 0.059051 0.053288
0 0.411052 0.634419 0.056170 0.056169
0 0.377208 0.683388 0.063370 0.053288
0 0.505181 0.765544 0.054404 0.059585
0 0.322499 0.827073 0.051892 0.050518
0 0.049904 0.656744 0.058357 0.051847
0 0.069394 0.716210 0.055513 0.056773
0 0.051719 0.886010 0.048969 0.044041
0 0.354883 0.955311 0.050408 0.050518