0 0.119402 0.538860 0.066896 0.067358
0 0.084604 0.478067 0.069135 0.059762
0 0.062009 0.523341 0.064992 0.058150
0 0.157786 0.314691 0.088933 0.078672
0 0.277504 0.105181 0.071830 0.056438
0 0.222777 0.071831 0.075252 0.071831
0 0.315128 0.052163 0.054727 0.049597
0 0.322826 0.120575 0.059859 0.056438
0 0.417748 0.246278 0.068408 0.054728
0 0.460503 0.283903 0.030785 0.068409
0 0.417748 0.301863 0.037628 0.049597
0 0.281781 0.373694 0.042756 0.063281
0 0.228761 0.380534 0.049599 0.059859
0 0.168046 0.395072 0.109458 0.075253
0 0.619556 0.565073 0.061570 0.060198
0 0.712326 0.569238 0.062395 0.061007
0 0.315128 0.892759 0.071830 0.071831
0 0.385252 0.904731 0.044467 0.058150
0 0.316839 0.960316 0.071830 0.056437
0 0.256979 0.928675 0.058148 0.071831
0 0.940023 0.312081 0.052597 0.059775
0 0.929117 0.192406 0.061570 0.056437
0 0.912014 0.261672 0.071830 0.054728
0 0.217462 0.142197 0.069541 0.062275