0 0.385009 0.023495 0.061246 0.046989
0 0.106031 0.037177 0.074533 0.074354
0 0.051209 0.472385 0.058203 0.061350
0 0.126139 0.587142 0.094246 0.087374
0 0.069671 0.204009 0.071670 0.092519
0 0.098990 0.141462 0.070364 0.079488
0 0.152415 0.112144 0.072972 0.072972
0 0.235812 0.132341 0.062548 0.063850
0 0.188436 0.208119 0.072037 0.072075
0 0.279461 0.174048 0.056033 0.056049
0 0.303572 0.111491 0.070364 0.074275
0 0.325069 0.189675 0.058637 0.056031
0 0.377192 0.189425 0.050821 0.045112
0 0.401952 0.151234 0.048213 0.067759
0 0.486634 0.090852 0.074304 0.087726
0 0.426707 0.045688 0.087307 0.091216
0 0.435830 0.363634 0.001302 0.000000
0 0.426058 0.961974 0.067760 0.076052
0 0.586986 0.815794 0.087307 0.101637
0 0.310378 0.796900 0.070953 0.066456
0 0.782445 0.960671 0.071670 0.078658
0 0.839780 0.618381 0.066458 0.079488
0 0.699048 0.847719 0.048213 0.056031
0 0.560742 0.426597 0.089262 0.082562
0 0.345446 0.392914 0.078537 0.087228