0 0.960318 0.607144 0.074890 0.064809
0 0.891910 0.692119 0.047526 0.070572
0 0.957254 0.773344 0.069948 0.075186
0 0.873847 0.842499 0.040440 0.068888
0 0.924220 0.891192 0.066068 0.041451
0 0.323741 0.530813 0.080652 0.067691
0 0.215651 0.202268 0.066107 0.065158
0 0.159556 0.216125 0.054727 0.069131
0 0.102148 0.143739 0.051446 0.043956
0 0.049719 0.230390 0.074138 0.083261
0 0.114637 0.333549 0.071244 0.060881
0 0.180699 0.449090 0.045337 0.065551
0 0.106451 0.445596 0.043575 0.033679
0 0.176491 0.523815 0.051163 0.050815
0 0.239483 0.645834 0.041759 0.052892
0 0.195558 0.658272 0.048969 0.057609
0 0.399293 0.929027 0.058928 0.071998
0 0.323834 0.643782 0.036269 0.041451
0 0.535100 0.417216 0.058125 0.052934
0 0.819222 0.197277 0.050361 0.040679
0 0.721503 0.377591 0.041451 0.034974