0 0.553636 0.616506 0.064808 0.077772
0 0.129721 0.710841 0.043666 0.059050
0 0.056757 0.711563 0.067689 0.069131
0 0.050995 0.961140 0.059051 0.077720
0 0.076201 0.753328 0.060489 0.080653
0 0.098526 0.617225 0.053289 0.084972
0 0.038037 0.627209 0.059051 0.067889
0 0.107884 0.262209 0.100815 0.120978
0 0.267749 0.697753 0.054727 0.053537
0 0.323200 0.052659 0.090733 0.099375
0 0.386570 0.115574 0.059051 0.066779
0 0.279993 0.100906 0.067689 0.080653
0 0.537907 0.672675 0.073223 0.057609
0 0.347682 0.893028 0.050408 0.066250
0 0.367126 0.835422 0.060489 0.063369
0 0.269192 0.833259 0.051850 0.061928
0 0.604044 0.972440 0.059051 0.055120
0 0.909370 0.370947 0.030244 0.050409