0 0.455837 0.905440 0.103384 0.101036
0 0.348446 0.849093 0.088083 0.081606
0 0.699417 0.621100 0.090544 0.078988
0 0.671458 0.535251 0.073485 0.083455
0 0.750648 0.472150 0.086788 0.110104
0 0.680052 0.318844 0.085492 0.093646
0 0.765763 0.599741 0.069511 0.090674
0 0.701427 0.664749 0.086784 0.053921
0 0.338024 0.496406 0.104895 0.103375
0 0.172702 0.267487 0.088927 0.084197
0 0.262011 0.157394 0.080572 0.097294
0 0.181347 0.041451 0.075130 0.082902
0 0.137733 0.092617 0.088938 0.097150
0 0.181995 0.396373 0.084197 0.085492
0 0.542098 0.886010 0.097150 0.098446