0 0.135499 0.990691 0.058459 0.018617
0 0.235002 0.957128 0.063436 0.055972
0 0.111862 0.029231 0.050995 0.058459
0 0.170946 0.025500 0.054727 0.050997
0 0.403544 0.412953 0.049754 0.054728
0 0.349438 0.445291 0.048509 0.057216
0 0.388617 0.343919 0.049754 0.050997
0 0.080767 0.217050 0.060950 0.053484
0 0.578300 0.792319 0.070900 0.069653
0 0.501807 0.708984 0.057218 0.062191
0 0.446455 0.691569 0.055972 0.054728
0 0.391724 0.653634 0.055972 0.046022
0 0.590741 0.657366 0.060950 0.050997
0 0.649199 0.587709 0.060950 0.058459
0 0.672831 0.502506 0.055972 0.062191
0 0.667233 0.348272 0.064681 0.072141
0 0.745596 0.258716 0.059704 0.064678
0 0.794725 0.333347 0.041045 0.054728
0 0.758032 0.365687 0.054727 0.059703
0 0.605663 0.406731 0.073386 0.052241
0 0.537255 0.460219 0.068408 0.052241
0 0.591981 0.483850 0.048509 0.049753
0 0.544718 0.517434 0.058459 0.052241
0 0.582652 0.215181 0.054727 0.057216