0 0.956709 0.976715 0.063266 0.046570
0 0.896996 0.968073 0.090734 0.063853
0 0.697523 0.973834 0.086414 0.052331
0 0.447495 0.787769 0.073747 0.080719
0 0.515333 0.792125 0.059051 0.077772
0 0.594546 0.684828 0.076333 0.061928
0 0.580865 0.626588 0.060489 0.071830
0 0.537335 0.654519 0.066897 0.070696
0 0.637753 0.736675 0.064808 0.070572
0 0.667998 0.365816 0.079214 0.103697
0 0.570064 0.364378 0.093615 0.100816
0 0.632367 0.243662 0.079961 0.088763
0 0.590798 0.160966 0.077471 0.082859
0 0.559983 0.232597 0.096496 0.096494
0 0.434324 0.065018 0.091446 0.085995
0 0.428923 0.164906 0.084971 0.073450
0 0.367696 0.158822 0.077804 0.091375
0 0.386435 0.237638 0.089295 0.069131
0 0.482207 0.194569 0.061932 0.069411
0 0.971899 0.677771 0.056201 0.073158
0 0.873057 0.607154 0.077720 0.084774
0 0.812020 0.604894 0.096496 0.072012
0 0.872509 0.668266 0.076333 0.072013
0 0.825702 0.694909 0.057608 0.076331
0 0.801220 0.689147 0.063370 0.076331
0 0.754412 0.726594 0.070570 0.079213
0 0.966321 0.521056 0.067358 0.078382
0 0.747931 0.388141 0.089295 0.087853
0 0.789508 0.346503 0.071244 0.073834