0 0.051813 0.602979 0.103626 0.102332
0 0.194310 0.372103 0.104895 0.103375
0 0.152148 0.848619 0.066171 0.077373
0 0.464912 0.776399 0.104895 0.081917
0 0.582902 0.712637 0.056995 0.079053
0 0.643443 0.708549 0.075809 0.095855
0 0.820796 0.814540 0.065663 0.085039
0 0.762121 0.829221 0.085131 0.090263
0 0.618456 0.889744 0.083613 0.080572
0 0.460353 0.145667 0.062331 0.078898
0 0.511811 0.137763 0.061870 0.066442
0 0.564209 0.118278 0.063291 0.063962
0 0.206705 0.451956 0.074032 0.062409
0 0.720559 0.975389 0.053701 0.049222
0 0.467945 0.673056 0.074473 0.097407
0 0.621114 0.496762 0.081606 0.091969
0 0.158031 0.235104 0.046632 0.053109