0 0.296626 0.980616 0.067345 0.038767
0 0.338220 0.653772 0.064804 0.067684
0 0.168187 0.656088 0.070362 0.068653
0 0.146686 0.255587 0.067685 0.095047
0 0.065324 0.024827 0.074885 0.049654
0 0.211494 0.037069 0.076323 0.074137
0 0.236665 0.118523 0.069184 0.076425
0 0.603492 0.095590 0.067088 0.069418
0 0.287817 0.040669 0.070566 0.081337
0 0.308699 0.075575 0.060484 0.054725
0 0.343982 0.021227 0.044641 0.042454
0 0.221503 0.391498 0.062176 0.061564
0 0.163968 0.403197 0.064804 0.070566
0 0.760831 0.982777 0.069012 0.034445
0 0.889055 0.763941 0.066246 0.083525
0 0.983808 0.656418 0.032383 0.079676
0 0.851615 0.480241 0.069123 0.077766
0 0.904175 0.495362 0.050403 0.087847
0 0.601035 0.897562 0.046084 0.069735