0 0.243523 0.142064 0.054404 0.070794
0 0.523349 0.082902 0.049158 0.054404
0 0.486531 0.073176 0.036007 0.045358
0 0.593051 0.280590 0.059160 0.061180
0 0.566062 0.345500 0.051813 0.062885
0 0.507413 0.323493 0.066251 0.058902
0 0.547739 0.451600 0.060489 0.056169
0 0.497409 0.593264 0.049223 0.054404
0 0.586698 0.560835 0.051993 0.059493
0 0.760174 0.031730 0.067689 0.063460
0 0.824036 0.032451 0.077316 0.064902
0 0.778832 0.203881 0.058916 0.067691
0 0.735104 0.274019 0.058290 0.058179
0 0.207902 0.163212 0.066062 0.067358
0 0.598446 0.320596 0.049223 0.034974
0 0.452073 0.599093 0.046632 0.053109