0 0.736891 0.979275 0.113561 0.041450
0 0.164996 0.644959 0.102651 0.111637
0 0.017487 0.799847 0.034974 0.079356
0 0.109427 0.764536 0.079074 0.077146
0 0.031522 0.928459 0.063044 0.087566
0 0.053529 0.936669 0.079471 0.084828
0 0.002791 0.927091 0.005582 0.087566
0 0.022630 0.179363 0.045260 0.075253
0 0.379103 0.122288 0.060202 0.058048
0 0.780694 0.516625 0.058798 0.060200
0 0.660096 0.568701 0.050274 0.043945
0 0.959229 0.221094 0.076619 0.079356
0 0.154145 0.263601 0.051813 0.055699
0 0.944301 0.299223 0.054404 0.075130
0 0.023316 0.245466 0.046632 0.055699