0 0.133697 0.733697 0.078523 0.063056
0 0.145572 0.672363 0.068959 0.087917
0 0.490028 0.308359 0.093991 0.092800
0 0.491217 0.163360 0.077334 0.080606
0 0.582232 0.186413 0.080901 0.084472
0 0.647671 0.204256 0.069005 0.082094
0 0.825289 0.186413 0.075448 0.082094
0 0.724031 0.372013 0.062302 0.067816
0 0.844572 0.243519 0.079712 0.079713
0 0.914699 0.221915 0.070330 0.048398
0 0.912652 0.169159 0.079190 0.083281
0 0.869557 0.109388 0.098747 0.081471
0 0.940946 0.080522 0.067816 0.084472
0 0.884428 0.712281 0.064244 0.060678
0 0.717617 0.556347 0.064767 0.058290
0 0.842617 0.071891 0.068653 0.060881
0 0.755829 0.603627 0.076425 0.090674