0 0.917113 0.130320 0.075101 0.087066
0 0.863813 0.166231 0.072154 0.089794
0 0.682181 0.347798 0.072850 0.071244
0 0.614417 0.340026 0.066073 0.071244
0 0.537998 0.387220 0.063043 0.064595
0 0.586461 0.433919 0.071158 0.072853
0 0.679404 0.476036 0.060881 0.066062
0 0.799084 0.954575 0.059300 0.090850
0 0.867700 0.871028 0.060992 0.066075
0 0.364699 0.865743 0.047804 0.063092
0 0.294947 0.859456 0.051034 0.071244
0 0.123544 0.702366 0.053430 0.067945
0 0.332327 0.765141 0.071158 0.071156
0 0.291663 0.610119 0.060992 0.079628
0 0.364518 0.619437 0.071158 0.074547
0 0.459392 0.453403 0.057603 0.064381
0 0.355038 0.945575 0.049454 0.059297
0 0.645756 0.116619 0.077935 0.090752
0 0.522080 0.128956 0.074547 0.079628
0 0.462781 0.022668 0.074547 0.045336
0 0.223048 0.098462 0.076239 0.069462
0 0.214578 0.168772 0.069461 0.054216
0 0.062942 0.172772 0.047437 0.063160
0 0.016225 0.174266 0.032450 0.063558
0 0.029922 0.290155 0.059327 0.056995
0 0.092594 0.434647 0.052522 0.060757
0 0.022154 0.389869 0.044308 0.059297
0 0.033294 0.449496 0.052522 0.036242
0 0.272181 0.349206 0.049134 0.055909
0 0.317076 0.265344 0.047437 0.074547
0 0.350117 0.240384 0.072850 0.053307
0 0.262861 0.289063 0.074547 0.074547
0 0.212882 0.344972 0.045745 0.067769
0 0.422967 0.361066 0.052522 0.059297
0 0.377222 0.270425 0.069461 0.071156
0 0.764249 0.678756 0.062176 0.059585