0 0.311528 0.521589 0.060881 0.075993
0 0.374611 0.522253 0.069431 0.066893
0 0.531444 0.417137 0.093821 0.083397
0 0.468248 0.393872 0.092519 0.093443
0 0.547626 0.571550 0.079708 0.079488
0 0.615494 0.599566 0.074274 0.067759
0 0.680776 0.632669 0.068806 0.076631
0 0.923015 0.535716 0.063849 0.059941
0 0.977979 0.504684 0.044041 0.086487
0 0.902166 0.490759 0.071670 0.082094
0 0.834486 0.107763 0.095277 0.100536
0 0.717785 0.019625 0.088609 0.039250
0 0.636992 0.023534 0.091213 0.047068
0 0.726255 0.067919 0.066458 0.057334
0 0.796618 0.183891 0.076883 0.078184
0 0.899562 0.771572 0.071670 0.072972
0 0.959845 0.798994 0.064767 0.057451
0 0.772512 0.552003 0.062548 0.066456
0 0.621114 0.650907 0.050518 0.040155
0 0.840674 0.159326 0.090674 0.038860