0 0.146777 0.622588 0.057768 0.085134
0 0.214429 0.630947 0.059290 0.074491
0 0.305642 0.524531 0.056250 0.077531
0 0.365694 0.512369 0.057768 0.071450
0 0.453109 0.729003 0.056250 0.069931
0 0.336051 0.685678 0.074490 0.086653
0 0.391539 0.731284 0.066890 0.077531
0 0.405978 0.887109 0.062331 0.069931
0 0.350490 0.874947 0.057768 0.069931
0 0.275238 0.814897 0.071449 0.074491
0 0.215952 0.929675 0.065372 0.072972
0 0.157423 0.370988 0.069931 0.083612
0 0.224313 0.512369 0.063850 0.071450
0 0.575488 0.463722 0.066890 0.080572
0 0.618812 0.512369 0.062331 0.068409
0 0.094330 0.329941 0.047127 0.062331
0 0.341372 0.339822 0.057768 0.076013
0 0.377096 0.269131 0.080572 0.071450
0 0.129298 0.169556 0.062331 0.072972
0 0.766275 0.753328 0.056250 0.066891
0 0.830124 0.785253 0.068408 0.082094
0 0.739673 0.798175 0.069931 0.062331
0 0.903097 0.689640 0.062331 0.061135
0 0.761716 0.136872 0.068408 0.062331
0 0.708507 0.155116 0.050168 0.068409
0 0.670503 0.120150 0.062331 0.068409
0 0.589931 0.120909 0.056250 0.066891
0 0.494154 0.092025 0.071449 0.060809
0 0.096610 0.637028 0.045609 0.062331
0 0.968650 0.117109 0.062699 0.062331
0 0.925140 0.142191 0.057768 0.063850
0 0.878774 0.130031 0.034963 0.063850