0 0.126504 0.539142 0.070827 0.066794
0 0.193653 0.502093 0.063472 0.081305
0 0.098146 0.490759 0.079711 0.082094
0 0.042289 0.107663 0.084578 0.100334
0 0.017530 0.183891 0.035060 0.078184
0 0.099562 0.771572 0.071670 0.072972
0 0.165367 0.803497 0.054727 0.066456
0 0.218792 0.735084 0.065151 0.070366
0 0.274821 0.725313 0.054727 0.066456
0 0.295021 0.061403 0.001302 0.000000
0 0.902247 0.623672 0.076883 0.076881
0 0.856006 0.576762 0.065189 0.066456
0 0.951071 0.112694 0.086080 0.095855
0 0.897035 0.194966 0.082095 0.084700
0 0.759560 0.078341 0.075576 0.075578
0 0.044041 0.156736 0.088082 0.038860