0 0.972456 0.811072 0.055088 0.085512
0 0.972798 0.945505 0.054404 0.069766
0 0.676813 0.623420 0.071244 0.091400
0 0.671271 0.371534 0.075252 0.123141
0 0.590887 0.422841 0.088933 0.112878
0 0.481429 0.523747 0.064992 0.106037
0 0.536161 0.476716 0.085512 0.100906
0 0.406452 0.625170 0.086060 0.096811
0 0.301813 0.595855 0.095854 0.064767
0 0.525896 0.623797 0.075252 0.073541
0 0.626805 0.722137 0.082095 0.088934
0 0.682006 0.712980 0.055676 0.074039
0 0.720015 0.961120 0.090644 0.077760
0 0.708895 0.838434 0.078673 0.068409
0 0.360855 0.820478 0.087223 0.087225
0 0.187265 0.681947 0.078673 0.076962
0 0.181995 0.546632 0.076425 0.062176
0 0.475446 0.895731 0.070119 0.053019
0 0.288170 0.932050 0.075252 0.050409
0 0.310379 0.029793 0.068361 0.059585
0 0.200092 0.152619 0.097487 0.075253
0 0.380829 0.121762 0.090674 0.046632
0 0.204663 0.015544 0.046632 0.031088
0 0.457254 0.097798 0.072539 0.071244
0 0.740285 0.707254 0.047927 0.064767