0 0.242603 0.668953 0.071449 0.071450
0 0.304935 0.710759 0.056250 0.079053
0 0.276048 0.337542 0.071449 0.071457
0 0.161270 0.027416 0.079054 0.053209
0 0.902389 0.697088 0.065372 0.072950
0 0.906948 0.759409 0.056250 0.057769
0 0.848419 0.702400 0.076013 0.083613
0 0.783047 0.710431 0.076013 0.083034
0 0.730792 0.723684 0.061937 0.086653
0 0.665989 0.723684 0.072972 0.089694
0 0.483563 0.731555 0.072972 0.095234
0 0.844861 0.467462 0.071937 0.072849
0 0.959935 0.456122 0.080129 0.080572
0 0.820294 0.516931 0.083613 0.053209
0 0.709197 0.560881 0.047927 0.059585
0 0.597580 0.590674 0.088172 0.075130
0 0.525369 0.601036 0.068409 0.075130
0 0.469120 0.451414 0.080572 0.089400
0 0.383989 0.491847 0.074490 0.079053
0 0.769365 0.167746 0.082095 0.094560
0 0.655502 0.150670 0.072663 0.068179
0 0.703998 0.192970 0.069931 0.098515
0 0.975138 0.052497 0.049724 0.066891