0 0.780395 0.167047 0.000000 0.012313
0 0.026994 0.186678 0.053988 0.087984
0 0.016192 0.360650 0.032383 0.106722
0 0.107237 0.782744 0.073884 0.099878
0 0.131179 0.901094 0.083463 0.084828
0 0.228323 0.879888 0.094409 0.102616
0 0.213269 0.966281 0.080723 0.067437
0 0.428764 0.895622 0.084830 0.098513
0 0.270816 0.087319 0.064150 0.067791
0 0.341678 0.167075 0.064719 0.086147
0 0.424332 0.169784 0.089652 0.097144
0 0.524376 0.273796 0.111869 0.102667
0 0.277566 0.509067 0.086220 0.072539
0 0.440397 0.641192 0.097144 0.085492
0 0.570375 0.689981 0.067041 0.066491
0 0.760244 0.665151 0.105980 0.099732
0 0.677780 0.194412 0.082095 0.094406
0 0.956988 0.132844 0.066430 0.058834
0 0.565414 0.027769 0.079016 0.055538
0 0.519066 0.077960 0.084830 0.069469
0 0.925890 0.344916 0.091226 0.091672