0 0.960225 0.908784 0.055166 0.058501
0 0.603904 0.593555 0.066804 0.070530
0 0.549980 0.630187 0.076619 0.068409
0 0.500037 0.709544 0.050624 0.079356
0 0.442575 0.710228 0.067041 0.075253
0 0.205457 0.861828 0.057997 0.066500
0 0.135290 0.849103 0.065916 0.079356
0 0.066710 0.495419 0.068653 0.067044
0 0.122618 0.527954 0.063888 0.055490
0 0.145671 0.316184 0.091669 0.105353
0 0.168246 0.245719 0.062938 0.071147
0 0.312592 0.378437 0.061570 0.076619
0 0.378265 0.236144 0.061570 0.087566
0 0.305067 0.283347 0.062938 0.080725
0 0.258547 0.274453 0.071149 0.073884
0 0.243497 0.340812 0.076619 0.056097
0 0.011658 0.028497 0.023316 0.056994
0 0.227080 0.101375 0.065673 0.064306
0 0.123779 0.023665 0.080722 0.047330
0 0.048527 0.018876 0.075252 0.037752
0 0.840674 0.123705 0.044041 0.034974
0 0.297280 0.170337 0.032383 0.045337
0 0.075777 0.661269 0.045337 0.060881