0 0.125901 0.829694 0.077531 0.072972
0 0.300518 0.732024 0.059585 0.072222
0 0.223467 0.631780 0.084155 0.079622
0 0.273364 0.469397 0.083613 0.094256
0 0.474796 0.527928 0.082095 0.114019
0 0.635179 0.030988 0.059291 0.061975
0 0.687176 0.026554 0.047927 0.053108
0 0.370602 0.117933 0.062448 0.067472
0 0.416982 0.148964 0.054638 0.059585
0 0.477076 0.094659 0.059291 0.062331
0 0.550048 0.140266 0.071449 0.080572
0 0.594134 0.258847 0.074490 0.098816
0 0.708913 0.261256 0.063849 0.091478
0 0.774280 0.276328 0.079054 0.057769
0 0.762883 0.125825 0.077531 0.085134
0 0.873082 0.021373 0.069899 0.042746
0 0.751295 0.018826 0.049223 0.037652
0 0.953368 0.112047 0.082902 0.066062
0 0.897540 0.143584 0.069692 0.061779
0 0.855614 0.210959 0.083613 0.069931
0 0.905025 0.242884 0.057768 0.088175
0 0.968164 0.250670 0.053310 0.076380
0 0.999638 0.244403 0.000724 0.097294
0 0.965433 0.171431 0.069134 0.048647
0 0.939227 0.339419 0.062331 0.059291
0 0.821412 0.354619 0.063849 0.071450
0 0.721595 0.475389 0.059771 0.059585
0 0.408667 0.599378 0.062331 0.086653
0 0.464912 0.613059 0.077531 0.089694
0 0.353179 0.588738 0.048650 0.086653
0 0.387643 0.802413 0.053729 0.060977
0 0.333042 0.834197 0.067638 0.056995
0 0.509073 0.759420 0.062187 0.069243
0 0.591854 0.690594 0.066890 0.065369
0 0.724112 0.554531 0.076013 0.076013
0 0.937709 0.565934 0.068409 0.068409
0 0.936622 0.633584 0.067545 0.066891
0 0.561450 0.854778 0.063849 0.065369
0 0.669879 0.761589 0.061796 0.067496
0 0.666502 0.873022 0.076323 0.071450
0 0.867876 0.377591 0.054404 0.066062