0 0.892456 0.864262 0.080572 0.104171
0 0.712310 0.800050 0.094254 0.098816
0 0.635866 0.811116 0.098156 0.105747
0 0.516197 0.847178 0.076013 0.080572
0 0.428025 0.579616 0.072972 0.092734
0 0.390778 0.624463 0.092736 0.085134
0 0.552648 0.568005 0.094187 0.089378
0 0.661380 0.660188 0.095777 0.080572
0 0.863734 0.455716 0.077208 0.069931
0 0.776159 0.780440 0.066890 0.060881
0 0.938472 0.971503 0.086788 0.056994
0 0.536917 0.890544 0.063472 0.068653
0 0.687824 0.879534 0.080311 0.051813
0 0.729275 0.839378 0.067358 0.049223