0 0.245307 0.863141 0.123375 0.118578
0 0.125090 0.818294 0.132263 0.129219
0 0.100007 0.894303 0.112499 0.083613
0 0.763630 0.309585 0.086729 0.098446
0 0.632837 0.317375 0.053239 0.088175
0 0.683779 0.332312 0.069931 0.076541
0 0.562502 0.460929 0.078371 0.074708
0 0.968829 0.079456 0.062342 0.092734
0 0.944973 0.142547 0.058340 0.079053
0 0.635891 0.935350 0.077531 0.089694
0 0.905732 0.631303 0.048650 0.071450
0 0.852524 0.572775 0.057768 0.051687
0 0.835801 0.634344 0.069931 0.077531
0 0.993912 0.786369 0.012175 0.044088
0 0.357513 0.867228 0.098446 0.076425