0 0.945547 0.228867 0.062938 0.066543
0 0.814882 0.027085 0.050624 0.054170
0 0.764259 0.022297 0.069781 0.044594
0 0.721160 0.031190 0.065673 0.062380
0 0.467355 0.067853 0.067041 0.062938
0 0.510866 0.120285 0.063761 0.088445
0 0.537131 0.188256 0.061570 0.068409
0 0.605544 0.401697 0.077987 0.095775
0 0.508400 0.320288 0.061570 0.080725
0 0.454355 0.405860 0.090301 0.079472
0 0.371578 0.376384 0.064305 0.061569
0 0.158823 0.449149 0.073884 0.069283
0 0.036997 0.396225 0.073993 0.082094
0 0.351359 0.695178 0.047277 0.072516
0 0.381843 0.930513 0.090301 0.083462
0 0.383892 0.981332 0.086198 0.037336
0 0.305905 0.937353 0.094409 0.091672
0 0.017157 0.574775 0.034313 0.086197
0 0.010316 0.455305 0.020632 0.081594
0 0.162245 0.966283 0.064305 0.067434