0 0.354819 0.665524 0.074922 0.078279
0 0.539171 0.689025 0.063365 0.064803
0 0.534852 0.596859 0.072004 0.073444
0 0.592276 0.614863 0.048608 0.092166
0 0.565092 0.359966 0.063365 0.048963
0 0.291476 0.187153 0.054722 0.060484
0 0.251951 0.171313 0.053125 0.063362
0 0.135225 0.692628 0.064804 0.066244
0 0.176265 0.623503 0.054722 0.069125
0 0.186600 0.842919 0.072657 0.081694
0 0.173922 0.745909 0.068052 0.069125
0 0.341160 0.821892 0.056165 0.058291
0 0.067540 0.822234 0.061922 0.077766
0 0.018288 0.784894 0.036576 0.077561
0 0.116505 0.820075 0.059046 0.076325
0 0.832230 0.398773 0.059046 0.072157
0 0.746762 0.391839 0.063472 0.066062
0 0.962866 0.531798 0.065628 0.073959
0 0.927273 0.235397 0.064804 0.059044
0 0.915754 0.286522 0.064804 0.040322
0 0.781108 0.141072 0.066246 0.069125
0 0.902039 0.046025 0.060555 0.074884
0 0.966157 0.053106 0.064804 0.075123
0 0.971199 0.097150 0.057602 0.061925
0 0.738060 0.031088 0.074566 0.062176
0 0.426841 0.316044 0.066246 0.070566