0 0.983368 0.217344 0.033263 0.098750
0 0.855497 0.428525 0.058299 0.080903
0 0.793631 0.438044 0.072573 0.078525
0 0.942349 0.184625 0.093991 0.099941
0 0.849547 0.156669 0.086851 0.101128
0 0.768049 0.098369 0.073767 0.072575
0 0.381305 0.969560 0.078673 0.060880
0 0.187453 0.715625 0.059488 0.110200
0 0.120826 0.720855 0.069005 0.081606
0 0.308259 0.598659 0.072476 0.083281
0 0.373052 0.534412 0.061866 0.059488
0 0.301668 0.438327 0.047592 0.076714
0 0.251698 0.430679 0.061866 0.078975
0 0.337360 0.028662 0.080901 0.057323
0 0.192459 0.007841 0.081404 0.015681
0 0.067288 0.217821 0.085662 0.085901
0 0.074423 0.338731 0.083284 0.079016
0 0.634203 0.355950 0.065438 0.057109
0 0.182095 0.913350 0.058299 0.055919