0 0.020501 0.944472 0.041002 0.065675
0 0.441203 0.159803 0.075252 0.069778
0 0.361848 0.175538 0.077987 0.071147
0 0.434364 0.241894 0.069781 0.080725
0 0.493199 0.257628 0.064305 0.054728
0 0.036213 0.306884 0.069781 0.073884
0 0.018450 0.371875 0.036899 0.053359
0 0.046473 0.386925 0.043780 0.047888
0 0.075891 0.335619 0.064305 0.057466
0 0.199717 0.422500 0.079355 0.067044
0 0.114200 0.449862 0.067041 0.080725
0 0.170299 0.488856 0.061570 0.049256
0 0.021186 0.456703 0.042372 0.058834
0 0.134039 0.674250 0.062938 0.064306
0 0.083415 0.716666 0.076619 0.064306
0 0.471988 0.308938 0.068409 0.056097
0 0.411104 0.436181 0.045153 0.050625
0 0.831829 0.575738 0.101247 0.067044
0 0.765470 0.604472 0.069781 0.077987
0 0.953602 0.690669 0.030099 0.036941
0 0.765858 0.683694 0.049851 0.059099
0 0.714907 0.737771 0.075368 0.073682
0 0.308290 0.777202 0.069948 0.067358
0 0.393135 0.742228 0.073834 0.064767
0 0.478627 0.783679 0.066062 0.075130
0 0.434585 0.806347 0.055699 0.079016
0 0.394430 0.594560 0.058290 0.072539
0 0.437824 0.535622 0.056995 0.071244
0 0.460492 0.583549 0.063472 0.071244