0 0.121114 0.590537 0.068653 0.070572
0 0.526519 0.772725 0.077846 0.077772
0 0.648820 0.749782 0.075417 0.083338
0 0.348198 0.657927 0.096350 0.082693
0 0.553109 0.196413 0.062176 0.058125
0 0.521925 0.153980 0.051623 0.052143
0 0.452557 0.176595 0.058617 0.066499
0 0.654152 0.163359 0.071684 0.059879
0 0.709043 0.308972 0.066251 0.066250
0 0.667998 0.284491 0.070570 0.074891
0 0.659837 0.409405 0.045610 0.056838
0 0.783219 0.974936 0.096496 0.050128
0 0.880331 0.969560 0.063171 0.060880
0 0.977979 0.561013 0.044041 0.074891