0 0.233393 0.968456 0.047097 0.047591
0 0.312862 0.922280 0.042831 0.054404
0 0.674631 0.907781 0.061697 0.061866
0 0.719755 0.870303 0.071384 0.051159
0 0.820293 0.873872 0.058299 0.046400
0 0.865503 0.873872 0.070194 0.044022
0 0.780433 0.633544 0.049970 0.046400
0 0.466739 0.515756 0.048388 0.041641
0 0.539137 0.438670 0.040896 0.039759
0 0.524611 0.399057 0.036269 0.044229
0 0.466369 0.386219 0.030992 0.022898
0 0.422280 0.436823 0.049223 0.047220
0 0.442640 0.467950 0.052544 0.045965
0 0.361047 0.585356 0.046398 0.045209
0 0.348554 0.620456 0.045209 0.039263
0 0.354504 0.664475 0.045209 0.034503
0 0.288474 0.826837 0.048781 0.050047
0 0.230962 0.842937 0.044825 0.034503
0 0.275385 0.735266 0.036881 0.042831
0 0.314648 0.749544 0.041642 0.040450
0 0.604352 0.853050 0.038070 0.040450
0 0.422321 0.714447 0.045209 0.039263
0 0.449482 0.544777 0.054404 0.042570