0 0.072692 0.925825 0.083613 0.103375
0 0.026846 0.974314 0.053692 0.051372
0 0.097776 0.987997 0.088172 0.024006
0 0.356215 0.693987 0.082095 0.092734
0 0.309088 0.641541 0.072972 0.103375
0 0.748440 0.840434 0.097295 0.088684
0 0.659506 0.841122 0.074490 0.102516
0 0.848014 0.857953 0.092736 0.117497
0 0.952512 0.792044 0.094975 0.118578
0 0.940749 0.888749 0.092736 0.074833
0 0.715751 0.965952 0.053209 0.068095
0 0.574370 0.920381 0.065372 0.053447
0 0.639766 0.968234 0.098865 0.063531
0 0.385101 0.617975 0.082095 0.071450
0 0.244966 0.663756 0.031137 0.075769
0 0.809601 0.723956 0.070580 0.102756