0 0.668090 0.430699 0.080919 0.094560
0 0.703641 0.356068 0.112499 0.080011
0 0.786269 0.357456 0.069948 0.077834
0 0.770078 0.502742 0.084197 0.082599
0 0.596463 0.441915 0.083613 0.075539
0 0.416142 0.350323 0.055081 0.076294
0 0.356289 0.423285 0.077577 0.075710
0 0.376295 0.514256 0.068653 0.056980
0 0.298575 0.504712 0.071244 0.068296
0 0.121114 0.411917 0.086788 0.095855
0 0.224006 0.397591 0.068409 0.112497
0 0.149516 0.473603 0.098818 0.082094
0 0.118360 0.269430 0.094234 0.093264
0 0.187297 0.251647 0.071002 0.100332
0 0.430788 0.092847 0.068475 0.083735
0 0.299258 0.119612 0.069931 0.078603
0 0.249090 0.120150 0.072972 0.086653
0 0.374366 0.146455 0.080284 0.072375
0 0.364651 0.215674 0.060854 0.050518
0 0.372409 0.336140 0.084197 0.086788
0 0.223446 0.452073 0.071244 0.075130
0 0.060233 0.277850 0.027202 0.060881