0 0.257776 0.407875 0.081225 0.077844
0 0.191737 0.435233 0.075184 0.080311
0 0.705921 0.656794 0.071449 0.068409
0 0.345097 0.554937 0.064352 0.065369
0 0.465723 0.668953 0.059291 0.062331
0 0.343612 0.619547 0.057232 0.051687
0 0.411005 0.649244 0.044631 0.056144
0 0.580959 0.656031 0.071244 0.069931
0 0.769014 0.653753 0.072972 0.071450
0 0.886658 0.244550 0.045337 0.067894
0 0.573851 0.042325 0.071830 0.062913
0 0.537934 0.084172 0.076013 0.075506
0 0.468764 0.104769 0.059291 0.046772
0 0.396609 0.126241 0.069814 0.050144
0 0.738727 0.780494 0.054487 0.057087
0 0.808536 0.817616 0.057768 0.069056
0 0.860946 0.844597 0.066430 0.070038
0 0.803216 0.891669 0.050168 0.066891
0 0.738971 0.887869 0.057044 0.059291
0 0.804381 0.936209 0.071619 0.040428