0 0.433273 0.814088 0.051991 0.071147
0 0.398385 0.848294 0.058835 0.062938
0 0.558438 0.170344 0.075186 0.069778
0 0.501686 0.203863 0.062938 0.068409
0 0.535206 0.224597 0.050624 0.046938
0 0.457901 0.251069 0.054727 0.072516
0 0.425067 0.176500 0.057467 0.065675
0 0.382649 0.116297 0.065673 0.060200
0 0.410699 0.241491 0.056095 0.056097
0 0.361443 0.186078 0.072516 0.062937
0 0.310945 0.303059 0.031215 0.050625
0 0.266352 0.239437 0.057467 0.068409
0 0.289613 0.370784 0.065673 0.060200
0 0.230096 0.318794 0.053359 0.068409
0 0.219150 0.383784 0.047888 0.045150
0 0.222572 0.428250 0.043780 0.041047
0 0.033298 0.208653 0.066595 0.080725
0 0.018247 0.315372 0.036494 0.067044
0 0.040597 0.373522 0.060202 0.062937
0 0.175365 0.435091 0.050624 0.057466
0 0.178787 0.485031 0.043780 0.064306
0 0.115167 0.498713 0.075252 0.058834
0 0.037862 0.449459 0.068409 0.080725
0 0.145266 0.660847 0.064305 0.060200
0 0.197258 0.663584 0.050624 0.062937
0 0.332025 0.615012 0.062938 0.064306
0 0.420959 0.593806 0.038310 0.062937
0 0.351864 0.677950 0.042413 0.050625
0 0.390179 0.659478 0.042413 0.054728
0 0.401806 0.704631 0.038310 0.041047
0 0.288245 0.948172 0.041045 0.057466
0 0.473773 0.920125 0.061838 0.064306
0 0.086432 0.879763 0.064305 0.057466
0 0.062490 0.708734 0.057467 0.051991
0 0.093275 0.753203 0.042413 0.042416
0 0.016193 0.629378 0.032386 0.054728
0 0.012089 0.713522 0.024178 0.064306
0 0.071891 0.939119 0.047927 0.056995