0 0.031506 0.186413 0.063012 0.082094
0 0.295017 0.733458 0.083284 0.103032
0 0.361047 0.708116 0.079712 0.080903
0 0.403878 0.640897 0.084473 0.091609
0 0.448495 0.675400 0.095180 0.060678
0 0.044572 0.243519 0.079712 0.079713
0 0.101085 0.224484 0.097558 0.053537
0 0.115364 0.169159 0.073767 0.083281
0 0.069558 0.107888 0.098747 0.084472
0 0.140946 0.080522 0.067816 0.084472
0 0.374136 0.094800 0.084473 0.082094
0 0.421724 0.057322 0.082095 0.069006
0 0.419943 0.121569 0.054727 0.054728
0 0.323569 0.114637 0.071384 0.066062
0 0.084428 0.712281 0.064244 0.060678
0 0.181995 0.141839 0.060881 0.071244
0 0.042098 0.065415 0.073834 0.063472