0 0.058249 0.904947 0.079054 0.080572
0 0.540925 0.034027 0.056250 0.068054
0 0.424454 0.446594 0.064202 0.063850
0 0.476981 0.471466 0.040856 0.060200
0 0.540839 0.384297 0.053037 0.057831
0 0.712715 0.423031 0.083613 0.098816
0 0.429187 0.505125 0.057768 0.053209
0 0.372176 0.478731 0.059291 0.064353
0 0.365338 0.424778 0.057768 0.043631
0 0.071174 0.515006 0.059291 0.054728
0 0.048448 0.253736 0.053364 0.052113
0 0.023316 0.163216 0.046632 0.059579
0 0.965674 0.756464 0.068652 0.090699
0 0.960871 0.827416 0.078257 0.053209
0 0.998879 0.769644 0.002242 0.053209
0 0.931627 0.464078 0.065372 0.059291
0 0.940749 0.405547 0.062331 0.048647
0 0.892861 0.476241 0.063849 0.062331
0 0.895141 0.302931 0.080572 0.068409
0 0.858655 0.267206 0.059291 0.051688
0 0.695992 0.132666 0.068408 0.059291
0 0.700551 0.016545 0.065372 0.033090