0 0.168113 0.751949 0.074490 0.076437
0 0.161270 0.827416 0.079054 0.053209
0 0.226659 0.762114 0.069898 0.068269
0 0.230444 0.722519 0.080572 0.065369
0 0.134315 0.467216 0.070748 0.065567
0 0.140750 0.405547 0.062331 0.048647
0 0.092861 0.476241 0.063849 0.062331
0 0.095141 0.302931 0.080572 0.068409
0 0.058655 0.267206 0.059291 0.051688
0 0.769365 0.958174 0.082095 0.083652
0 0.652307 0.946753 0.079054 0.076013
0 0.703998 0.971856 0.069931 0.056287
0 0.975138 0.852497 0.049724 0.066891
0 0.971338 0.780288 0.057324 0.083612
0 0.709318 0.391106 0.071449 0.071450
0 0.644707 0.388066 0.060809 0.080572
0 0.388528 0.322697 0.077575 0.065369
0 0.688425 0.504534 0.066155 0.073834
0 0.673165 0.566062 0.062997 0.075130
0 0.275259 0.349741 0.060881 0.067358
0 0.158679 0.288212 0.045337 0.060881
0 0.614637 0.564119 0.058290 0.060881