0 0.764352 0.957800 0.097295 0.083612
0 0.946777 0.622588 0.057768 0.085134
0 0.988990 0.630947 0.022020 0.074491
0 0.957423 0.370988 0.069931 0.083612
0 0.894330 0.329941 0.047127 0.062331
0 0.124329 0.491847 0.051686 0.045606
0 0.156256 0.645391 0.060809 0.048647
0 0.058962 0.390750 0.045609 0.044088
0 0.027960 0.441678 0.055920 0.045606
0 0.239869 0.170316 0.045609 0.053209
0 0.194260 0.159675 0.042568 0.056250
0 0.070364 0.104188 0.053209 0.057769
0 0.021117 0.088984 0.042234 0.057769
0 0.929298 0.169556 0.062331 0.072972
0 0.714945 0.165756 0.059291 0.050169
0 0.901417 0.632594 0.035994 0.053464