0 0.540590 0.987310 0.061866 0.025380
0 0.246723 0.973446 0.069005 0.053108
0 0.180052 0.967084 0.064767 0.065831
0 0.481107 0.920488 0.071384 0.082094
0 0.432918 0.938334 0.060677 0.074953
0 0.382355 0.902641 0.052349 0.060678
0 0.324057 0.896097 0.049970 0.059488
0 0.821373 0.759872 0.059488 0.055919
0 0.929064 0.711788 0.051198 0.053109
0 0.857662 0.094800 0.053538 0.079713
0 0.917742 0.078738 0.061866 0.059488
0 0.749989 0.052566 0.052349 0.059488
0 0.692880 0.061488 0.066627 0.067816
0 0.791631 0.061488 0.040453 0.067816
0 0.950463 0.919689 0.053538 0.046632