0 0.147174 0.625648 0.091662 0.082902
0 0.274951 0.525862 0.104305 0.123141
0 0.335618 0.490933 0.105967 0.119171
0 0.090910 0.760169 0.075603 0.075253
0 0.015613 0.806347 0.031226 0.064991
0 0.133065 0.800811 0.056285 0.064181
0 0.478627 0.488342 0.058290 0.059585
0 0.559585 0.472150 0.069948 0.071244
0 0.279680 0.137620 0.072764 0.061547
0 0.795717 0.358161 0.078673 0.094560
0 0.620810 0.166451 0.064079 0.063472
0 0.512953 0.145725 0.056995 0.073834
0 0.891839 0.031088 0.094560 0.062176
0 0.658031 0.327720 0.077720 0.080311
0 0.071244 0.428109 0.090674 0.097150