0 0.001279 0.615247 0.002558 0.100906
0 0.079518 0.487831 0.099193 0.102616
0 0.133389 0.518616 0.073541 0.095775
0 0.169307 0.527169 0.073541 0.082094
0 0.047878 0.634916 0.094066 0.068409
0 0.046600 0.549400 0.093200 0.095775
0 0.283037 0.746081 0.085512 0.092353
0 0.238487 0.688312 0.075419 0.089697
0 0.434396 0.793969 0.080384 0.078672
0 0.507086 0.771734 0.088933 0.095775
0 0.596875 0.547141 0.087223 0.096872
0 0.762771 0.604984 0.107748 0.100906
0 0.690936 0.628072 0.090644 0.092353
0 0.748234 0.702469 0.116297 0.097484
0 0.791845 0.787984 0.104326 0.094066
0 0.646470 0.814417 0.073541 0.088783
0 0.581483 0.796783 0.063281 0.093566
0 0.951425 0.675518 0.097150 0.099741
0 0.812668 0.845536 0.074146 0.075768
0 0.887419 0.822539 0.069722 0.082902
0 0.976732 0.765786 0.046536 0.056512
0 0.200675 0.410518 0.098650 0.093057
0 0.092617 0.819301 0.073834 0.091969
0 0.347798 0.797927 0.073834 0.069948
0 0.387306 0.847150 0.072539 0.080311