0 0.887390 0.598687 0.054727 0.063434
0 0.832043 0.586250 0.058459 0.055972
0 0.955183 0.527791 0.055972 0.055972
0 0.916624 0.525300 0.041045 0.041047
0 0.013330 0.293328 0.026660 0.049753
0 0.010221 0.389103 0.020442 0.054728
0 0.054649 0.400297 0.046022 0.044778
0 0.114974 0.277778 0.057218 0.053484
0 0.135499 0.212478 0.058459 0.062191
0 0.147314 0.670828 0.052240 0.046022
0 0.235002 0.157128 0.063436 0.055972
0 0.348813 0.604284 0.052240 0.062191
0 0.570000 0.015544 0.054300 0.031088
0 0.759715 0.422280 0.058290 0.062176
0 0.720855 0.463083 0.050518 0.055699