0 0.121114 0.983157 0.081606 0.033686
0 0.972265 0.731591 0.055470 0.078875
0 0.872901 0.780566 0.091749 0.099559
0 0.895438 0.636622 0.059558 0.098191
0 0.951774 0.648048 0.062773 0.091432
0 0.836140 0.569301 0.071244 0.079016
0 0.770404 0.625353 0.093413 0.092375
0 0.559017 0.479016 0.082095 0.088247
0 0.476926 0.421525 0.078875 0.099388
0 0.432229 0.399084 0.081338 0.077844
0 0.541451 0.688472 0.095855 0.089378
0 0.709307 0.752461 0.073614 0.101295
0 0.661774 0.722798 0.082615 0.088083
0 0.627591 0.888306 0.084197 0.077129
0 0.518611 0.954731 0.094639 0.090537
0 0.475319 0.824147 0.098192 0.099800
0 0.459217 0.743323 0.085314 0.074729
0 0.464048 0.672841 0.101407 0.096581
0 0.255599 0.614087 0.090141 0.085313
0 0.192821 0.586722 0.074044 0.078875
0 0.068653 0.804028 0.077720 0.072434
0 0.761060 0.689703 0.072657 0.052934
0 0.981218 0.623705 0.037564 0.081606