0 0.325357 0.986458 0.051850 0.027084
0 0.232466 0.976377 0.061932 0.047245
0 0.182778 0.919628 0.043207 0.051847
0 0.228866 0.849056 0.046088 0.063369
0 0.311676 0.828175 0.050408 0.053288
0 0.274231 0.861300 0.047526 0.056169
0 0.068281 0.848338 0.033126 0.036006
0 0.037313 0.942672 0.046088 0.040325
0 0.164772 0.742481 0.056170 0.057609
0 0.051166 0.642487 0.040155 0.041451
0 0.224542 0.285209 0.063370 0.056169
0 0.178022 0.294727 0.048101 0.060805
0 0.098526 0.246322 0.056170 0.061928
0 0.039475 0.210319 0.053289 0.053287
0 0.016497 0.177194 0.032994 0.056169
0 0.010737 0.234081 0.021474 0.051847
0 0.034432 0.251366 0.040326 0.048969
0 0.011457 0.311134 0.022914 0.053287
0 0.058200 0.365863 0.050408 0.053287
0 0.014337 0.391788 0.028674 0.050409
0 0.027427 0.486882 0.043592 0.061848