0 0.876114 0.738706 0.076062 0.066630
0 0.888024 0.690494 0.076565 0.057155
0 0.948349 0.694750 0.062331 0.094256
0 0.806736 0.674223 0.090156 0.089378
0 0.720315 0.506238 0.074490 0.079053
0 0.201153 0.299350 0.082095 0.070203
0 0.123622 0.337494 0.094254 0.085134
0 0.198112 0.386141 0.072972 0.066891
0 0.135106 0.404793 0.050004 0.053109
0 0.651902 0.505478 0.062331 0.071450
0 0.789485 0.502336 0.063849 0.083410
0 0.675467 0.564769 0.060809 0.074491
0 0.607816 0.549566 0.071449 0.095775
0 0.635179 0.623297 0.068408 0.076013