0 0.790419 0.938397 0.108015 0.099375
0 0.753693 0.824619 0.072013 0.073450
0 0.442003 0.767655 0.056409 0.066399
0 0.925754 0.690127 0.073363 0.074555
0 0.848746 0.694805 0.072013 0.070958
0 0.548491 0.606833 0.050351 0.045272
0 0.574383 0.939116 0.061932 0.074891
0 0.349709 0.262209 0.073452 0.063369
0 0.428923 0.251409 0.070570 0.070572
0 0.526857 0.235566 0.067689 0.073450
0 0.400117 0.332781 0.064808 0.051847
0 0.236768 0.462435 0.054961 0.072539
0 0.130074 0.208922 0.080652 0.066250
0 0.043659 0.193081 0.077771 0.063369
0 0.077504 0.239887 0.070570 0.070572
0 0.319465 0.038256 0.067689 0.064809
0 0.350868 0.135012 0.046968 0.053809
0 0.291451 0.140193 0.059585 0.064174
0 0.241694 0.105947 0.110896 0.059050
0 0.248170 0.053378 0.074890 0.074891
0 0.924844 0.128509 0.000000 0.002281
0 0.976672 0.313730 0.046656 0.069432
0 0.618136 0.069222 0.066129 0.061569
0 0.650632 0.046295 0.042187 0.064093
0 0.730570 0.052461 0.056995 0.063472
0 0.488990 0.947539 0.050518 0.073834
0 0.285622 0.023316 0.058290 0.044041