0 0.324649 0.892428 0.076013 0.083612
0 0.101127 0.829425 0.088264 0.094082
0 0.174173 0.831124 0.079114 0.073504
0 0.276286 0.706816 0.078480 0.086367
0 0.334528 0.681875 0.095777 0.076013
0 0.346692 0.608144 0.089695 0.092734
0 0.297281 0.571659 0.082095 0.077531
0 0.285883 0.475125 0.089695 0.085134
0 0.231913 0.384669 0.057768 0.074491
0 0.345855 0.381628 0.062176 0.077531
0 0.413860 0.448513 0.076425 0.074476
0 0.426503 0.239488 0.091213 0.085134
0 0.494154 0.223525 0.050168 0.089694
0 0.553116 0.190078 0.075144 0.077531
0 0.556995 0.265977 0.080311 0.074263
0 0.755634 0.285853 0.089695 0.083613
0 0.707746 0.312182 0.072972 0.090661
0 0.927461 0.252227 0.069948 0.071812
0 0.974732 0.270650 0.050535 0.062328
0 0.910622 0.633018 0.064767 0.060389
0 0.772826 0.802573 0.045021 0.052886
0 0.726036 0.805473 0.060881 0.067809
0 0.685703 0.759409 0.074490 0.060809
0 0.647699 0.726722 0.065372 0.062331
0 0.694687 0.705400 0.047405 0.053287
0 0.767617 0.630181 0.052848 0.071244
0 0.737393 0.475125 0.074490 0.069931
0 0.536722 0.428756 0.095777 0.089694
0 0.255181 0.067358 0.082902 0.082902
0 0.901348 0.023316 0.108396 0.046632
0 0.952503 0.042972 0.069931 0.085944
0 0.989175 0.057819 0.021649 0.089694
0 0.433346 0.029289 0.062331 0.058578
0 0.237694 0.740285 0.066062 0.045337
0 0.363990 0.882772 0.051813 0.073834
0 0.270725 0.881477 0.041451 0.053109