0 0.117799 0.547794 0.055742 0.069931
0 0.073206 0.514347 0.065875 0.059797
0 0.027736 0.540191 0.055472 0.068919
0 0.298707 0.507253 0.062834 0.071959
0 0.322527 0.553366 0.067906 0.062837
0 0.251077 0.543737 0.062834 0.073984
0 0.215602 0.730222 0.064865 0.076013
0 0.022161 0.705897 0.044322 0.049663
0 0.024188 0.845253 0.048376 0.060809
0 0.288574 0.993063 0.050675 0.013873
0 0.348912 0.874644 0.047565 0.056756
0 0.387894 0.815353 0.052701 0.067903
0 0.154793 0.187497 0.062834 0.089188
0 0.163408 0.029391 0.051686 0.058781