0 0.978493 0.905284 0.043014 0.085805
0 0.298778 0.758944 0.063067 0.070195
0 0.326248 0.821334 0.063281 0.054728
0 0.285198 0.878628 0.066702 0.073541
0 0.413212 0.534009 0.075130 0.068409
0 0.360450 0.571634 0.073541 0.068409
0 0.321116 0.547191 0.070119 0.076248
0 0.056026 0.483108 0.066702 0.072644
0 0.315128 0.092759 0.071830 0.071831
0 0.385252 0.100389 0.044467 0.058290
0 0.316839 0.160316 0.071830 0.056437
0 0.256979 0.128675 0.058148 0.071831
0 0.825646 0.323647 0.001711 0.000000
0 0.935100 0.519669 0.090644 0.084194