0 0.838543 0.516906 0.064305 0.075253
0 0.781763 0.514169 0.071149 0.077987
0 0.722933 0.443022 0.057467 0.064306
0 0.604582 0.458756 0.069781 0.062938
0 0.582003 0.503906 0.057467 0.054728
0 0.651098 0.500488 0.061570 0.061569
0 0.871382 0.538797 0.047888 0.058834
0 0.886432 0.079763 0.064305 0.057466
0 0.590900 0.017989 0.061570 0.035978
0 0.646995 0.024146 0.042413 0.048292
0 0.601160 0.051713 0.043780 0.039678
0 0.460917 0.010464 0.047888 0.020928
0 0.711986 0.198797 0.079355 0.060200
0 0.717457 0.246684 0.062938 0.035575
0 0.120233 0.523747 0.075252 0.067044
0 0.064820 0.547691 0.049256 0.062938
0 0.081237 0.688616 0.054727 0.065675
0 0.128444 0.038031 0.045153 0.058834
0 0.079188 0.046241 0.050624 0.064306
0 0.970576 0.614734 0.054727 0.060200
0 0.896010 0.913687 0.064305 0.075253
0 0.813915 0.843909 0.061570 0.075253
0 0.717457 0.895216 0.062938 0.073884
0 0.872844 0.427353 0.064493 0.075769
0 0.562851 0.175537 0.051991 0.065675
0 0.873705 0.139249 0.050518 0.060881