0 0.176972 0.968073 0.079214 0.063853
0 0.222337 0.878537 0.083533 0.097934
0 0.241062 0.955591 0.069132 0.067691
0 0.035556 0.633700 0.071112 0.103697
0 0.583113 0.404703 0.070570 0.080653
0 0.636402 0.360775 0.067689 0.076331
0 0.618401 0.429906 0.037445 0.053288
0 0.544230 0.510559 0.064808 0.067691
0 0.497423 0.247719 0.077771 0.066250
0 0.449892 0.293806 0.072013 0.074891
0 0.477979 0.176428 0.059051 0.073450
0 0.357720 0.061209 0.054727 0.061928
0 0.252581 0.113778 0.069132 0.063369
0 0.348358 0.196591 0.082095 0.087853
0 0.273468 0.378778 0.053289 0.080653
0 0.218737 0.484634 0.053289 0.064809
0 0.099202 0.168506 0.076333 0.069131
0 0.153209 0.043394 0.074890 0.084197
0 0.031507 0.038166 0.059051 0.076331
0 0.000271 0.034566 0.000541 0.069131
0 0.024757 0.152663 0.049513 0.080653
0 0.515544 0.215026 0.046632 0.044041