0 0.121259 0.678075 0.094635 0.098056
0 0.038110 0.674223 0.076220 0.071244
0 0.290003 0.525863 0.094635 0.087794
0 0.324778 0.453459 0.102615 0.086653
0 0.401172 0.479116 0.068409 0.080953
0 0.304258 0.575459 0.091213 0.052447
0 0.667567 0.617876 0.076067 0.077720
0 0.747409 0.697539 0.088083 0.089378
0 0.955311 0.981865 0.089378 0.036269
0 0.872126 0.969560 0.088811 0.060880
0 0.974228 0.501919 0.051544 0.060428
0 0.935914 0.432369 0.061570 0.051309
0 0.944468 0.484247 0.071830 0.066131
0 0.579039 0.186087 0.086654 0.085512
0 0.519748 0.172406 0.082095 0.083234
0 0.423469 0.147967 0.067144 0.070545
0 0.018782 0.158679 0.032383 0.071244
0 0.045337 0.281736 0.033679 0.047927
0 0.242876 0.480570 0.053109 0.054404
0 0.073834 0.037565 0.056995 0.054404