0 0.980587 0.919628 0.038826 0.051847
0 0.623439 0.985018 0.070570 0.029964
0 0.506781 0.976377 0.079214 0.047246
0 0.749461 0.662547 0.054727 0.064809
0 0.872103 0.844440 0.040769 0.043802
0 0.837313 0.942672 0.046088 0.040325
0 0.774667 0.942672 0.047526 0.054728
0 0.967617 0.742481 0.033679 0.057609
0 0.841637 0.645984 0.066251 0.054728
0 0.976986 0.295375 0.046028 0.062100
0 0.898526 0.246322 0.056170 0.061928
0 0.839475 0.210319 0.053289 0.053287
0 0.807069 0.177194 0.051850 0.056169
0 0.734341 0.090778 0.076333 0.067691
0 0.791949 0.234081 0.059051 0.051847
0 0.834432 0.251366 0.040326 0.048969
0 0.791229 0.311134 0.063370 0.053287
0 0.858200 0.365863 0.050408 0.053287
0 0.802030 0.391788 0.053289 0.050409
0 0.675290 0.465956 0.041764 0.060491
0 0.652965 0.540850 0.051850 0.051847
0 0.596076 0.556691 0.038888 0.051847
0 0.636402 0.583338 0.050408 0.053287
0 0.825793 0.493322 0.040326 0.048969
0 0.534149 0.419150 0.050408 0.059050
0 0.418224 0.521992 0.028836 0.054462
0 0.554312 0.693513 0.047526 0.051847
0 0.521905 0.674791 0.043207 0.054728
0 0.633521 0.847619 0.047526 0.057609
0 0.520467 0.822412 0.057608 0.053288
0 0.383541 0.754003 0.052055 0.046087
0 0.400208 0.788569 0.059051 0.046087
0 0.332514 0.806572 0.059051 0.067691
0 0.121522 0.637344 0.048969 0.060491
0 0.076877 0.638066 0.057608 0.059050
0 0.219752 0.618167 0.055315 0.053821
0 0.285707 0.160631 0.060489 0.072012
0 0.192092 0.100141 0.054727 0.080653
0 0.267785 0.219678 0.058887 0.054728
0 0.148270 0.283050 0.050610 0.069131
0 0.092425 0.287565 0.055317 0.067358
0 0.100180 0.172131 0.063889 0.080609
0 0.029796 0.194113 0.059592 0.079936
0 0.395851 0.114833 0.053360 0.055309
0 0.346196 0.862741 0.054727 0.050409
0 0.749352 0.741580 0.047927 0.047927