0 0.117960 0.976847 0.069005 0.046306
0 0.509983 0.733588 0.091612 0.090422
0 0.256563 0.590674 0.082095 0.098446
0 0.230819 0.659407 0.085991 0.096017
0 0.325569 0.820441 0.070194 0.083281
0 0.575416 0.923950 0.070194 0.076144
0 0.545376 0.762144 0.095777 0.111838
0 0.211951 0.760359 0.078523 0.077334
0 0.142349 0.682652 0.089230 0.093245
0 0.123314 0.603313 0.077334 0.082094
0 0.102493 0.274941 0.040453 0.048781
0 0.128070 0.239247 0.044020 0.044022
0 0.021502 0.750841 0.043004 0.079712
0 0.079293 0.213669 0.039264 0.049969
0 0.051925 0.178569 0.051160 0.041641