0 0.235996 0.183465 0.072050 0.115635
0 0.045146 0.235522 0.044645 0.057609
0 0.095553 0.236241 0.050407 0.041766
0 0.319508 0.583338 0.069132 0.076331
0 0.063147 0.602059 0.054727 0.059050
0 0.269101 0.627263 0.072013 0.072012
0 0.190611 0.527888 0.056170 0.072012
0 0.527615 0.485400 0.082076 0.090734
0 0.359115 0.799312 0.067689 0.090851
0 0.381440 0.420591 0.072013 0.082094
0 0.310146 0.424191 0.064808 0.074891
0 0.181248 0.622986 0.046088 0.077862
0 0.137322 0.615022 0.038888 0.070572
0 0.527620 0.770725 0.064808 0.059585
0 0.646440 0.373784 0.063370 0.069131
0 0.225152 0.062824 0.085020 0.084197
0 0.696848 0.011905 0.066251 0.023810
0 0.718912 0.099741 0.072539 0.056995