0 0.014143 0.430303 0.028286 0.108088
0 0.425746 0.395412 0.088924 0.084824
0 0.670660 0.349578 0.083463 0.075253
0 0.824189 0.299560 0.096565 0.087408
0 0.833160 0.494134 0.074612 0.078941
0 0.639189 0.597909 0.086198 0.084828
0 0.585830 0.634850 0.077987 0.079356
0 0.389492 0.713522 0.071149 0.075253
0 0.509634 0.723482 0.060719 0.063545
0 0.637821 0.821612 0.083463 0.077987
0 0.672028 0.876341 0.075252 0.091672
0 0.398333 0.912184 0.086095 0.081269
0 0.192891 0.812403 0.059357 0.051359
0 0.837581 0.959119 0.077987 0.073884
0 0.894362 0.950909 0.079355 0.065675