0 0.396612 0.720491 0.099880 0.134084
0 0.252265 0.487894 0.106723 0.103984
0 0.246753 0.649526 0.071227 0.076254
0 0.370616 0.247625 0.110826 0.118740
0 0.504702 0.185519 0.097144 0.098513
0 0.462109 0.240931 0.102975 0.083462
0 0.536169 0.334653 0.102615 0.103984
0 0.629624 0.272426 0.103447 0.105406
0 0.595003 0.360650 0.061570 0.087566
0 0.687358 0.446847 0.095777 0.090303
0 0.627156 0.715703 0.062938 0.072516
0 0.503335 0.712281 0.064305 0.057466
0 0.159229 0.221094 0.076619 0.079356
0 0.531088 0.409326 0.069948 0.051813
0 0.732513 0.847150 0.081606 0.085492
0 0.137306 0.304404 0.051813 0.062176