0 0.597175 0.974116 0.001518 0.000000
0 0.143385 0.965015 0.091213 0.069970
0 0.092456 0.862378 0.080572 0.107938
0 0.265002 0.854019 0.085131 0.072972
0 0.229278 0.923191 0.071449 0.071450
0 0.064122 0.455716 0.076431 0.069931
0 0.970207 0.738641 0.059585 0.064169
0 0.987477 0.437082 0.025046 0.055511
0 0.973035 0.161012 0.053930 0.060366
0 0.968874 0.197275 0.057768 0.063850
0 0.915155 0.211140 0.053109 0.067358
0 0.830453 0.270257 0.051528 0.063830
0 0.769721 0.276328 0.085131 0.085134
0 0.868323 0.342459 0.066463 0.056250
0 0.574370 0.375144 0.074490 0.072972
0 0.496839 0.248744 0.089695 0.085571
0 0.594134 0.619645 0.068408 0.073486
0 0.664827 0.625190 0.057768 0.089758
0 0.557895 0.624291 0.058796 0.067234
0 0.651902 0.824375 0.074490 0.080572
0 0.607054 0.850978 0.069931 0.079053
0 0.591571 0.831069 0.061380 0.061102
0 0.522684 0.779528 0.056250 0.066891
0 0.384340 0.445641 0.062331 0.059677
0 0.862047 0.009715 0.055699 0.019430