0 0.335235 0.668394 0.086007 0.088083
0 0.426166 0.656788 0.090674 0.102256
0 0.544993 0.832496 0.079214 0.082090
0 0.602389 0.934031 0.041336 0.043206
0 0.119711 0.120589 0.061096 0.069703
0 0.081239 0.082820 0.061932 0.074966
0 0.176297 0.021985 0.056170 0.043970
0 0.231743 0.011184 0.043207 0.022368
0 0.164053 0.257125 0.048969 0.057609
0 0.552193 0.499389 0.059051 0.058218
0 0.603032 0.473038 0.068547 0.074649
0 0.657332 0.448656 0.050408 0.060525
0 0.390889 0.177483 0.064808 0.069993
0 0.792362 0.766244 0.052581 0.053288
0 0.743023 0.768423 0.043207 0.057572
0 0.631407 0.705756 0.047526 0.047528
0 0.670295 0.733119 0.038888 0.050409
0 0.765295 0.665102 0.044540 0.058397
0 0.722860 0.656338 0.046088 0.048427
0 0.763186 0.557413 0.060489 0.044647
0 0.813022 0.570375 0.044941 0.050409
0 0.809639 0.625599 0.043934 0.046536
0 0.763186 0.612859 0.051850 0.040325
0 0.778310 0.396464 0.047526 0.046815
0 0.883445 0.415468 0.038888 0.043371
0 0.940333 0.557500 0.051850 0.050232
0 0.204663 0.038212 0.041451 0.037565