0 0.356915 0.983435 0.062548 0.033130
0 0.408679 0.956447 0.076425 0.086003
0 0.315870 0.909538 0.066458 0.059941
0 0.502591 0.167746 0.067358 0.060881
0 0.719817 0.207187 0.074274 0.075578
0 0.534782 0.292538 0.050821 0.066456
0 0.577186 0.369419 0.062439 0.053425
0 0.672906 0.322506 0.071670 0.061244
0 0.968389 0.391569 0.063222 0.092519
0 0.878202 0.782488 0.072850 0.069063
0 0.906031 0.836566 0.074533 0.075578
0 0.740017 0.921263 0.072972 0.072972
0 0.671728 0.867314 0.074026 0.071416
0 0.869671 0.978875 0.071670 0.042250
0 0.898990 0.941462 0.070364 0.079488
0 0.952415 0.912144 0.072972 0.072972
0 0.976209 0.986041 0.047582 0.027918
0 0.352394 0.021278 0.075769 0.038403
0 0.758225 0.219003 0.052936 0.070578
0 0.490955 0.118325 0.047743 0.045669