0 0.057662 0.896732 0.053538 0.075848
0 0.117742 0.878738 0.061866 0.059488
0 0.241071 0.865386 0.051537 0.054201
0 0.233393 0.170128 0.047097 0.050935
0 0.311527 0.118963 0.040159 0.051398
0 0.673983 0.107781 0.062992 0.061866
0 0.719755 0.067371 0.071384 0.057023
0 0.820596 0.072616 0.050518 0.043888
0 0.877591 0.076439 0.040155 0.038888
0 0.288474 0.026578 0.048781 0.050566
0 0.226596 0.042937 0.041627 0.034503
0 0.604352 0.053050 0.038070 0.040450
0 0.961076 0.434962 0.051942 0.054728
0 0.910712 0.466785 0.036881 0.055331