0 0.893770 0.981218 0.095830 0.037564
0 0.971503 0.981218 0.056994 0.037564
0 0.950752 0.883994 0.095905 0.107366
0 0.890170 0.816106 0.088629 0.093353
0 0.787344 0.661952 0.085934 0.088013
0 0.929404 0.645078 0.091969 0.101036
0 0.969402 0.569621 0.061196 0.082248
0 0.582324 0.694301 0.076284 0.082902
0 0.453449 0.648913 0.095053 0.105137
0 0.356530 0.303256 0.101661 0.108016
0 0.393891 0.222359 0.096072 0.102748
0 0.441210 0.242047 0.099377 0.115219
0 0.285590 0.109456 0.104987 0.112694
0 0.918003 0.266698 0.070729 0.077438
0 0.840065 0.283039 0.076504 0.076441
0 0.959322 0.305052 0.081356 0.076425
0 0.600352 0.517131 0.083533 0.069131
0 0.645721 0.183290 0.076333 0.094560
0 0.719243 0.030440 0.082240 0.060880
0 0.644835 0.036917 0.069462 0.073834
0 0.673575 0.078498 0.098446 0.076165
0 0.839432 0.023809 0.086414 0.047618
0 0.868693 0.049923 0.052770 0.047822
0 0.919365 0.018048 0.082095 0.036095
0 0.531088 0.720855 0.059585 0.063472
0 0.834845 0.664508 0.032383 0.072539