0 0.827602 0.208653 0.077987 0.080725
0 0.742085 0.193603 0.071149 0.061569
0 0.686672 0.214809 0.064305 0.082094
0 0.759875 0.253803 0.071149 0.058834
0 0.797133 0.311105 0.078722 0.075578
0 0.722246 0.284587 0.069781 0.062937
0 0.840597 0.373522 0.060202 0.062937
0 0.978448 0.486802 0.043104 0.067847
0 0.918106 0.498713 0.069374 0.058834
0 0.837862 0.449459 0.068409 0.080725
0 0.744692 0.580516 0.087829 0.070359
0 0.688726 0.536341 0.068408 0.060200
0 0.728110 0.435911 0.054144 0.042685
0 0.634681 0.540444 0.058835 0.076619
0 0.694883 0.614328 0.072516 0.057466
0 0.945266 0.660847 0.064305 0.060200
0 0.985973 0.663584 0.028054 0.062937
0 0.886432 0.879763 0.064305 0.057466
0 0.862490 0.708734 0.057467 0.051991
0 0.893275 0.753203 0.042413 0.042416
0 0.806391 0.629378 0.051991 0.054728
0 0.795444 0.713522 0.057467 0.064306
0 0.690094 0.660162 0.051991 0.053359
0 0.655206 0.699156 0.061570 0.041047
0 0.590900 0.803141 0.061570 0.065675
0 0.646995 0.821612 0.042413 0.053359
0 0.601160 0.851713 0.043780 0.039678
0 0.476653 0.530181 0.051991 0.067044
0 0.402087 0.523341 0.045153 0.050625
0 0.428764 0.563019 0.060202 0.039678
0 0.469810 0.625275 0.068408 0.049256
0 0.384298 0.640325 0.064305 0.054728
0 0.460917 0.797669 0.047888 0.046519
0 0.711986 0.984348 0.079355 0.031303
0 0.261158 0.705316 0.047888 0.045150
0 0.159229 0.649478 0.060202 0.052841
0 0.112022 0.677950 0.045153 0.058834
0 0.066635 0.643247 0.037415 0.035199
0 0.128444 0.838031 0.045153 0.058834
0 0.079188 0.846241 0.050624 0.064306
0 0.562851 0.971350 0.051991 0.057300
0 0.873057 0.933938 0.051813 0.051813