0 0.238181 0.952612 0.083533 0.094775
0 0.467311 0.877603 0.080922 0.094535
0 0.750370 0.990285 0.053664 0.019430
0 0.629921 0.864637 0.046088 0.040155
0 0.547581 0.294007 0.062870 0.062245
0 0.487342 0.274406 0.060489 0.074891
0 0.477260 0.430134 0.054727 0.072374
0 0.758823 0.287369 0.053289 0.048969
0 0.225937 0.780647 0.064808 0.061928
0 0.917380 0.116703 0.056432 0.061931
0 0.881239 0.082721 0.061932 0.083262
0 0.766839 0.059094 0.067358 0.067691
0 0.976036 0.025259 0.047927 0.050518
0 0.966321 0.259238 0.067358 0.061835
0 0.701215 0.182953 0.059051 0.059050
0 0.773767 0.114833 0.045731 0.055309
0 0.668394 0.242876 0.036269 0.034974
0 0.373705 0.469560 0.058290 0.047927