0 0.294041 0.832254 0.056995 0.063472
0 0.170337 0.738342 0.055699 0.064767
0 0.209158 0.437176 0.068409 0.071244
0 0.384847 0.356226 0.067094 0.077703
0 0.400973 0.100513 0.073967 0.070995
0 0.331537 0.112144 0.072972 0.079053
0 0.173433 0.156991 0.054727 0.068409
0 0.203838 0.151669 0.054727 0.082094
0 0.168874 0.197275 0.057768 0.063850
0 0.119463 0.213997 0.071449 0.079053
0 0.030194 0.270257 0.051010 0.063830
0 0.066768 0.343048 0.063354 0.057427
0 0.064119 0.011010 0.068653 0.022020
0 0.200777 0.742876 0.044041 0.063472
0 0.010363 0.286917 0.020725 0.084197
0 0.077073 0.539508 0.034974 0.053109