0 0.024036 0.900141 0.048072 0.072012
0 0.029797 0.796444 0.059594 0.077772
0 0.975545 0.166951 0.048909 0.072244
0 0.888601 0.175924 0.064767 0.078204
0 0.751542 0.241240 0.067851 0.070563
0 0.691134 0.306769 0.067689 0.066250
0 0.668809 0.380219 0.066251 0.054728
0 0.485180 0.331253 0.076333 0.074891
0 0.483076 0.400742 0.077889 0.061210
0 0.340438 0.461535 0.060489 0.062965
0 0.608550 0.491838 0.078237 0.079212
0 0.838731 0.604921 0.073834 0.077718
0 0.947539 0.674461 0.079016 0.076902
0 0.923008 0.728034 0.073452 0.067691
0 0.660096 0.747529 0.063227 0.080549
0 0.807788 0.862694 0.067689 0.074891
0 0.741152 0.879023 0.066920 0.078742
0 0.652965 0.819487 0.072013 0.074891
0 0.584984 0.806459 0.075468 0.074756
0 0.595045 0.739637 0.081281 0.085492
0 0.311749 0.686369 0.070803 0.073247
0 0.189211 0.591218 0.080652 0.079223
0 0.168329 0.756837 0.067689 0.073450
0 0.207298 0.815887 0.062089 0.073450
0 0.176253 0.861975 0.080652 0.064809
0 0.125851 0.981755 0.085112 0.036490