0 0.107115 0.846025 0.050403 0.074884
0 0.166157 0.858266 0.064804 0.064803
0 0.171200 0.897150 0.057603 0.061925
0 0.556421 0.853947 0.053284 0.059044
0 0.503433 0.818018 0.042356 0.053134
0 0.459935 0.784100 0.044641 0.051844
0 0.748675 0.705513 0.063365 0.067478
0 0.660832 0.711321 0.066246 0.061814
0 0.606105 0.653772 0.054722 0.073444
0 0.535544 0.647294 0.069123 0.077766
0 0.253440 0.274309 0.072314 0.066244
0 0.192928 0.283194 0.089549 0.080150
0 0.358410 0.465026 0.069123 0.056995
0 0.323846 0.493922 0.054722 0.079206
0 0.267181 0.476641 0.053721 0.067684
0 0.499537 0.279291 0.054722 0.053400
0 0.596023 0.204466 0.069123 0.067684
0 0.653393 0.220966 0.058080 0.063248
0 0.701153 0.241187 0.048965 0.074884
0 0.966503 0.658145 0.066994 0.067585
0 0.946686 0.255587 0.067685 0.095047
0 0.865324 0.024827 0.074885 0.049654
0 0.988990 0.029145 0.022020 0.058290
0 0.963968 0.403197 0.064804 0.070566
0 0.733310 0.736656 0.050859 0.048781