0 0.083958 0.970615 0.070425 0.058770
0 0.195972 0.564773 0.064015 0.067370
0 0.894158 0.869222 0.086414 0.077772
0 0.967964 0.571094 0.064072 0.095056
0 0.987405 0.645984 0.025190 0.051847
0 0.892231 0.721597 0.065278 0.059050
0 0.724930 0.027747 0.090734 0.055494
0 0.809906 0.100141 0.076333 0.072012
0 0.736907 0.185834 0.069670 0.076332
0 0.632039 0.074938 0.080652 0.070572
0 0.565069 0.077816 0.053289 0.067691
0 0.545465 0.032068 0.055051 0.064136
0 0.988127 0.026306 0.023746 0.052612
0 0.967964 0.061975 0.064072 0.064809
0 0.925850 0.204556 0.085112 0.082094