0 0.269642 0.976856 0.097605 0.046287
0 0.764877 0.727297 0.073607 0.094406
0 0.831278 0.717697 0.084807 0.100806
0 0.056831 0.274469 0.075205 0.075206
0 0.126433 0.262469 0.067205 0.076806
0 0.164038 0.264069 0.068803 0.073606
0 0.094431 0.188063 0.076803 0.084806
0 0.030414 0.168063 0.060828 0.089606
0 0.374401 0.223266 0.054501 0.094406
0 0.453657 0.194463 0.072004 0.107206
0 0.430453 0.034453 0.067205 0.068803
0 0.484056 0.568088 0.091203 0.099206
0 0.376849 0.583287 0.075205 0.097606
0 0.583264 0.568088 0.100806 0.086406
0 0.638465 0.673694 0.083204 0.086406
0 0.676869 0.532084 0.086405 0.068803
0 0.931164 0.241985 0.057361 0.067844
0 0.441897 0.326672 0.044631 0.086147