0 0.793859 0.913031 0.054769 0.062540
0 0.820596 0.807307 0.045337 0.071914
0 0.847005 0.785516 0.043751 0.058078
0 0.879655 0.813365 0.056752 0.052027
0 0.884083 0.740150 0.068803 0.062403
0 0.954174 0.706844 0.053425 0.062997
0 0.987694 0.742876 0.024611 0.055699
0 0.845679 0.249719 0.062402 0.080006
0 0.758733 0.259067 0.066689 0.085492
0 0.534459 0.333725 0.038404 0.062403
0 0.488855 0.325722 0.059206 0.062403
0 0.568064 0.306522 0.041604 0.065603
0 0.473655 0.214516 0.102408 0.086406
0 0.269642 0.197716 0.097605 0.088006
0 0.283537 0.266318 0.080594 0.068401