0 0.988342 0.263531 0.023316 0.063056
0 0.950463 0.459244 0.060677 0.066625
0 0.977908 0.481253 0.044183 0.070194
0 0.889786 0.345028 0.072573 0.099941
0 0.625660 0.248063 0.077334 0.074953
0 0.506432 0.292618 0.080222 0.083158
0 0.623282 0.399162 0.060677 0.091609
0 0.692880 0.324206 0.054727 0.105887
0 0.780920 0.465194 0.066627 0.076144
0 0.932792 0.603627 0.051514 0.062176
0 0.537620 0.625056 0.060677 0.060994
0 0.493657 0.603627 0.077453 0.064767
0 0.449275 0.575777 0.085078 0.068653
0 0.274683 0.631756 0.070194 0.069006
0 0.285987 0.693031 0.059488 0.060678
0 0.269721 0.815004 0.074548 0.064292
0 0.235419 0.719011 0.079712 0.041253
0 0.812453 0.842344 0.060677 0.073766
0 0.597506 0.895892 0.055115 0.068985
0 0.669084 0.192144 0.071384 0.072575
0 0.721432 0.214156 0.049970 0.078525