0 0.283297 0.919041 0.107935 0.066062
0 0.102389 0.697088 0.065372 0.072950
0 0.106948 0.759409 0.056250 0.057769
0 0.048419 0.702400 0.076013 0.083613
0 0.010527 0.710431 0.021053 0.083034
0 0.363869 0.638550 0.068409 0.059291
0 0.307642 0.669041 0.042746 0.037565
0 0.361724 0.573581 0.064118 0.060091
0 0.285576 0.528331 0.097295 0.076013
0 0.428480 0.416594 0.069931 0.077531
0 0.353228 0.411275 0.065372 0.069931
0 0.373748 0.342863 0.088172 0.066891
0 0.050699 0.459922 0.083613 0.057769
0 0.160918 0.456122 0.082095 0.080572
0 0.031050 0.516931 0.062100 0.053209
0 0.179920 0.052497 0.059291 0.066891