0 0.112427 0.195375 0.080722 0.077987
0 0.039453 0.186481 0.078906 0.098513
0 0.022021 0.330758 0.044041 0.058691
0 0.334765 0.453284 0.065673 0.082094
0 0.397703 0.467650 0.106723 0.091672
0 0.340236 0.746081 0.103983 0.076619
0 0.145952 0.644150 0.076619 0.072516
0 0.465269 0.970207 0.069463 0.059585
0 0.577619 0.831594 0.083463 0.088934
0 0.786694 0.821281 0.066509 0.049149
0 0.909326 0.767778 0.069948 0.077007
0 0.869734 0.719762 0.076619 0.069057
0 0.923779 0.812914 0.080722 0.068832
0 0.860823 0.799705 0.050661 0.076094
0 0.979336 0.525862 0.041328 0.049133
0 0.421632 0.757124 0.040155 0.068653
0 0.080311 0.310881 0.051813 0.062176