0 0.865933 0.974897 0.073834 0.050206
0 0.772021 0.852055 0.082902 0.096408
0 0.677135 0.865372 0.084841 0.095681
0 0.136542 0.713397 0.101854 0.107938
0 0.070600 0.726411 0.063480 0.084947
0 0.109179 0.810833 0.092736 0.077816
0 0.152503 0.841097 0.069931 0.089694
0 0.225833 0.856615 0.094965 0.087287
0 0.439071 0.782566 0.077531 0.091216
0 0.420984 0.586140 0.090674 0.063472
0 0.295827 0.487649 0.058604 0.060790
0 0.515080 0.638906 0.077531 0.065369
0 0.507480 0.711875 0.080572 0.077531
0 0.497601 0.801569 0.060809 0.104897
0 0.393463 0.806131 0.056250 0.080572
0 0.554607 0.150147 0.001518 0.000000
0 0.854096 0.122784 0.056250 0.060809
0 0.828250 0.156228 0.068409 0.063850
0 0.781123 0.156228 0.041045 0.054728
0 0.742358 0.217800 0.072972 0.065369
0 0.909572 0.823187 0.066867 0.063472
0 0.665583 0.698194 0.065372 0.077531
0 0.709580 0.755103 0.083430 0.085335
0 0.629859 0.682231 0.069931 0.072972