0 0.078225 0.572319 0.077987 0.082094
0 0.137055 0.612681 0.083463 0.097144
0 0.160622 0.107513 0.085492 0.098446
0 0.290803 0.270078 0.099741 0.099741
0 0.282088 0.584631 0.064305 0.090303
0 0.238303 0.637994 0.064305 0.062938
0 0.354604 0.586000 0.086198 0.082094
0 0.361443 0.655094 0.097144 0.075253
0 0.284823 0.422500 0.075252 0.077987
0 0.360075 0.449178 0.083463 0.084828
0 0.287459 0.087824 0.080523 0.082384
0 0.347150 0.125648 0.064767 0.072539
0 0.404542 0.159974 0.076619 0.081606
0 0.472955 0.161331 0.098512 0.089255
0 0.503054 0.081128 0.084830 0.079356
0 0.560256 0.102511 0.081561 0.085850
0 0.737701 0.260366 0.086198 0.082094
0 0.789175 0.111231 0.079682 0.079356
0 0.831433 0.165275 0.054750 0.058834
0 0.806114 0.233000 0.083463 0.073884
0 0.686396 0.508697 0.095777 0.088934
0 0.886155 0.413606 0.082095 0.087566
0 0.940196 0.402659 0.077987 0.082094
0 0.905308 0.297991 0.071149 0.067044
0 0.950461 0.243262 0.071149 0.102616
0 0.875209 0.226159 0.051991 0.073884
0 0.796536 0.615416 0.086198 0.080725
0 0.551603 0.589333 0.064346 0.077810
0 0.377864 0.751553 0.075252 0.087566
0 0.636454 0.789014 0.069781 0.072847
0 0.702792 0.800365 0.071101 0.070255
0 0.935233 0.943653 0.080311 0.071244
0 0.868366 0.606525 0.065673 0.082094
0 0.923097 0.631834 0.062938 0.080725
0 0.948768 0.564794 0.086920 0.056097
0 0.973446 0.393135 0.050518 0.073834
0 0.961788 0.639249 0.047927 0.073834
0 0.959845 0.968264 0.067358 0.063472