0 0.975928 0.949231 0.048143 0.048509
0 0.887175 0.456675 0.067168 0.053484
0 0.915784 0.505184 0.064681 0.090800
0 0.928220 0.600959 0.059704 0.038559
0 0.811924 0.576081 0.058459 0.088312
0 0.757817 0.576081 0.047268 0.090800
0 0.695002 0.647603 0.078363 0.104481
0 0.624727 0.633297 0.079604 0.090800
0 0.583858 0.675613 0.055083 0.068463
0 0.856080 0.974304 0.067168 0.051392
0 0.281430 0.949325 0.077118 0.090987
0 0.391509 0.785044 0.060950 0.078363
0 0.866650 0.015952 0.060950 0.031904
0 0.486660 0.239003 0.057218 0.053484
0 0.438151 0.169972 0.062190 0.069653
0 0.431313 0.240247 0.058459 0.050997
0 0.326207 0.447344 0.054727 0.042291
0 0.634057 0.286891 0.026123 0.034828
0 0.134095 0.204175 0.058345 0.083337
0 0.583682 0.238381 0.042291 0.044778
0 0.464274 0.058647 0.057218 0.050997
0 0.202446 0.404434 0.058459 0.055972