0 0.247873 0.874197 0.063436 0.054728
0 0.186308 0.873575 0.062190 0.065922
0 0.122247 0.812625 0.058459 0.046022
0 0.326236 0.551422 0.058459 0.053484
0 0.276482 0.515350 0.075872 0.063434
0 0.210560 0.524056 0.065922 0.053484
0 0.269019 0.577544 0.058459 0.053484
0 0.226733 0.580031 0.036073 0.055972
0 0.182576 0.573809 0.049754 0.050997
0 0.117895 0.565725 0.057218 0.054728
0 0.209314 0.348056 0.068408 0.069653
0 0.239789 0.404028 0.054727 0.044778
0 0.145258 0.341838 0.064681 0.049753
0 0.134688 0.384750 0.068408 0.046022
0 0.180085 0.412734 0.067168 0.052241
0 0.125358 0.191956 0.072140 0.073387
0 0.099236 0.117325 0.072140 0.053484
0 0.055084 0.059487 0.065922 0.049753
0 0.050107 0.017305 0.088313 0.034610
0 0.059436 0.175784 0.057218 0.055972
0 0.329016 0.623057 0.051813 0.072539