0 0.027995 0.339863 0.055990 0.069125
0 0.071113 0.413306 0.067685 0.072003
0 0.275606 0.404666 0.064804 0.074884
0 0.341128 0.412587 0.048965 0.067684
0 0.396574 0.023041 0.070566 0.046081
0 0.606105 0.055444 0.077766 0.082084
0 0.619786 0.159850 0.053284 0.060484
0 0.681709 0.275778 0.047522 0.059044
0 0.733555 0.286578 0.047522 0.066244
0 0.490622 0.179160 0.036891 0.058779
0 0.535544 0.315381 0.063365 0.086406
0 0.302969 0.544356 0.064804 0.066244
0 0.413856 0.574597 0.044641 0.069125
0 0.361291 0.593319 0.054722 0.077766
0 0.306569 0.612759 0.063365 0.061925
0 0.596023 0.985312 0.069123 0.029376
0 0.865324 0.813653 0.074885 0.072003
0 0.701872 0.735888 0.050403 0.048963
0 0.986666 0.825777 0.026668 0.073834
0 0.976036 0.604869 0.047927 0.077826
0 0.838680 0.588997 0.059046 0.072003
0 0.782519 0.596197 0.050403 0.069125