0 0.923520 0.824733 0.059696 0.075922
0 0.803977 0.726722 0.057768 0.065369
0 0.828300 0.782972 0.069931 0.050169
0 0.841225 0.849103 0.059291 0.054728
0 0.755327 0.902309 0.072972 0.072972
0 0.695280 0.925116 0.059291 0.072972
0 0.642071 0.928916 0.056250 0.056250
0 0.705921 0.749528 0.068409 0.074491
0 0.750768 0.625628 0.063849 0.060809
0 0.588101 0.909913 0.045609 0.048647
0 0.621547 0.858984 0.057768 0.050169
0 0.468002 0.820219 0.063849 0.045606
0 0.502970 0.925875 0.060809 0.053209
0 0.435513 0.943653 0.049783 0.055699
0 0.470207 0.735751 0.054404 0.054404
0 0.351705 0.706959 0.050168 0.053209
0 0.299258 0.722406 0.054727 0.058803
0 0.247572 0.603567 0.051686 0.062296
0 0.015848 0.608144 0.031696 0.044087
0 0.416316 0.321547 0.066890 0.060875
0 0.542497 0.456881 0.066890 0.076013
0 0.796734 0.428070 0.064563 0.060958
0 0.848824 0.168038 0.071449 0.072972
0 0.780411 0.135350 0.059291 0.059291
0 0.779655 0.221244 0.057768 0.057769
0 0.721882 0.218203 0.042568 0.048647
0 0.670196 0.203000 0.066890 0.066891
0 0.660844 0.497899 0.070393 0.063788
0 0.509809 0.574700 0.047127 0.050169
0 0.366910 0.254100 0.071449 0.065713
0 0.252131 0.244047 0.057768 0.082094
0 0.271895 0.140672 0.069931 0.072972
0 0.215726 0.122936 0.045442 0.056753
0 0.083382 0.506287 0.039527 0.056250
0 0.214127 0.500969 0.054727 0.066891
0 0.017369 0.463722 0.034737 0.044088
0 0.791813 0.031570 0.079054 0.063139
0 0.672476 0.029289 0.080572 0.058578
0 0.592665 0.087435 0.069931 0.066062
0 0.527590 0.508398 0.063992 0.060924
0 0.974741 0.134067 0.050518 0.053109
0 0.939767 0.149611 0.053109 0.055699