0 0.126020 0.214347 0.111066 0.096066
0 0.775517 0.965998 0.090141 0.068003
0 0.715959 0.690547 0.086922 0.074044
0 0.868177 0.015173 0.082299 0.030345
0 0.629155 0.083556 0.093591 0.086628
0 0.518611 0.158128 0.094639 0.097331
0 0.475319 0.037023 0.098192 0.074046
0 0.040876 0.810469 0.081752 0.082094
0 0.057607 0.862781 0.070824 0.070825
0 0.134964 0.883734 0.086734 0.080537
0 0.288593 0.577150 0.075656 0.085475
0 0.249160 0.454459 0.083702 0.087984
0 0.191209 0.386658 0.077263 0.094560
0 0.070484 0.022668 0.099800 0.045336