0 0.148601 0.874975 0.102531 0.106969
0 0.285380 0.862784 0.099880 0.084828
0 0.242968 0.896306 0.116297 0.088934
0 0.360106 0.728016 0.122825 0.127244
0 0.416604 0.598788 0.094663 0.090163
0 0.519346 0.568619 0.102615 0.106722
0 0.672867 0.658016 0.100679 0.108981
0 0.574073 0.379806 0.113561 0.112194
0 0.399628 0.297082 0.098512 0.102727
0 0.282922 0.353503 0.107536 0.086950
0 0.076057 0.353125 0.088224 0.086197
0 0.767144 0.033243 0.086499 0.066486
0 0.812203 0.186678 0.083571 0.087984
0 0.790254 0.360650 0.102615 0.106722
0 0.907237 0.782744 0.073884 0.099878
0 0.931179 0.901094 0.083463 0.084828
0 0.986399 0.879888 0.027202 0.102616
0 0.986454 0.966281 0.027092 0.067437