0 0.441710 0.579663 0.054404 0.066062
0 0.433179 0.674344 0.082095 0.078363
0 0.318123 0.594116 0.063436 0.077119
0 0.315011 0.177434 0.074631 0.077119
0 0.403661 0.029793 0.068980 0.059585
0 0.479822 0.046831 0.073386 0.084581
0 0.512162 0.082903 0.068409 0.067166
0 0.512162 0.158775 0.080849 0.062191
0 0.563778 0.187384 0.062190 0.062191
0 0.482933 0.204175 0.049754 0.063434
0 0.391509 0.272587 0.093286 0.088312
0 0.085918 0.092561 0.071687 0.076535
0 0.039508 0.115933 0.055699 0.063472
0 0.904589 0.136388 0.084581 0.097019
0 0.728045 0.140831 0.069818 0.081032
0 0.648984 0.090026 0.065922 0.066062
0 0.765901 0.233406 0.070900 0.069653
0 0.959757 0.275075 0.080486 0.090800
0 0.882823 0.327316 0.075872 0.080850
0 0.975928 0.462272 0.048143 0.079606
0 0.987744 0.541875 0.024512 0.067166
0 0.958695 0.343484 0.073386 0.065922