0 0.267039 0.441934 0.069781 0.071147
0 0.664549 0.966707 0.051896 0.056223
0 0.700078 0.983663 0.043780 0.032673
0 0.611152 0.941403 0.057488 0.057609
0 0.529736 0.870661 0.064305 0.072928
0 0.592673 0.885234 0.056095 0.049256
0 0.332712 0.750466 0.067041 0.056097
0 0.273195 0.775094 0.057467 0.072516
0 0.934039 0.246278 0.065673 0.073884
0 0.507843 0.344791 0.067041 0.065675
0 0.449008 0.352316 0.056095 0.072516
0 0.332712 0.386522 0.056095 0.061569
0 0.680239 0.442616 0.050624 0.045150
0 0.478012 0.272668 0.062111 0.066062
0 0.086432 0.699156 0.001368 0.000000
0 0.025088 0.305797 0.050176 0.047888
0 0.007124 0.358808 0.014248 0.056995
0 0.421632 0.398964 0.058290 0.049223