0 0.893523 0.257436 0.083419 0.079638
0 0.870466 0.187824 0.069948 0.075130
0 0.768782 0.050501 0.086788 0.093299
0 0.673575 0.071244 0.085492 0.090674
0 0.118301 0.250888 0.065372 0.074491
0 0.182893 0.270002 0.066857 0.061032
0 0.104275 0.633018 0.071244 0.060389
0 0.103680 0.021373 0.103733 0.042746
0 0.152503 0.042972 0.069931 0.085944
0 0.229278 0.057819 0.101854 0.089694
0 0.439071 0.014087 0.077531 0.028173
0 0.497601 0.027009 0.060809 0.054017
0 0.394430 0.023964 0.073834 0.047927
0 0.911863 0.030809 0.071449 0.061618