0 0.159029 0.289959 0.001824 0.000000
0 0.217896 0.708116 0.078523 0.085662
0 0.276792 0.727102 0.070194 0.066522
0 0.541346 0.652200 0.052024 0.045209
0 0.335683 0.559239 0.071384 0.075822
0 0.270842 0.560233 0.055921 0.071244
0 0.238415 0.589880 0.067211 0.058582
0 0.045667 0.534974 0.073199 0.075130
0 0.134067 0.710463 0.053109 0.045279
0 0.582555 0.403206 0.082095 0.087371
0 0.498679 0.393428 0.080901 0.096369
0 0.117960 0.190366 0.069005 0.064669
0 0.363264 0.247684 0.076580 0.059488
0 0.342318 0.298741 0.062875 0.045004
0 0.325569 0.038212 0.070194 0.076424
0 0.575416 0.123950 0.070194 0.076144
0 0.252591 0.036917 0.077720 0.058290
0 0.316062 0.276554 0.036269 0.060881