0 0.073098 0.018826 0.069931 0.037652
0 0.256285 0.018066 0.071449 0.036131
0 0.454663 0.168394 0.064767 0.075130
0 0.329016 0.193005 0.059585 0.072539
0 0.194715 0.081738 0.072972 0.069931
0 0.150629 0.104541 0.069931 0.076013
0 0.101815 0.142936 0.061142 0.063074
0 0.058938 0.214378 0.068653 0.068653
0 0.105025 0.242884 0.057768 0.088175
0 0.170392 0.255806 0.057768 0.086653
0 0.231201 0.240933 0.063849 0.072539
0 0.162583 0.171431 0.063435 0.048647
0 0.312534 0.318134 0.074490 0.071450
0 0.418952 0.314334 0.083613 0.091216
0 0.372281 0.543394 0.073578 0.084197
0 0.132772 0.344654 0.060881 0.069760
0 0.024611 0.354395 0.049222 0.071003
0 0.141008 0.570795 0.061809 0.058688
0 0.133773 0.633584 0.073244 0.066891
0 0.237047 0.657663 0.062176 0.060321
0 0.277537 0.513327 0.065436 0.073286
0 0.296573 0.547884 0.069931 0.059673
0 0.441756 0.664750 0.083613 0.089694
0 0.472666 0.746439 0.057260 0.061526
0 0.620851 0.848393 0.076951 0.083007
0 0.976879 0.532488 0.001518 0.001519
0 0.064119 0.376295 0.068653 0.068653
0 0.430699 0.527202 0.071244 0.067358