0 0.636702 0.737444 0.062331 0.075756
0 0.692618 0.751981 0.061669 0.079922
0 0.572852 0.709425 0.059291 0.090300
0 0.505962 0.681441 0.062331 0.050941
0 0.521923 0.741116 0.069931 0.056250
0 0.540925 0.833850 0.056250 0.068409
0 0.424628 0.494837 0.048650 0.053209
0 0.390422 0.556406 0.062331 0.057769
0 0.529800 0.236863 0.069381 0.078456
0 0.074625 0.034974 0.076711 0.069948
0 0.109630 0.084031 0.069311 0.053891
0 0.096258 0.180909 0.051686 0.054728
0 0.032184 0.155691 0.064368 0.043594
0 0.106138 0.289606 0.050168 0.050169
0 0.174551 0.246278 0.074490 0.066891
0 0.246762 0.285803 0.060809 0.057769
0 0.345574 0.170266 0.060809 0.079053
0 0.385101 0.076012 0.066890 0.051687
0 0.270323 0.051687 0.062331 0.057769
0 0.459592 0.020241 0.069931 0.040478
0 0.528766 0.072625 0.053209 0.054034
0 0.812289 0.046487 0.063849 0.056487
0 0.648104 0.338253 0.079054 0.083613
0 0.687631 0.410466 0.054727 0.072972
0 0.635940 0.422625 0.036486 0.057769
0 0.288568 0.152784 0.065372 0.071450
0 0.221678 0.183188 0.077531 0.056250
0 0.025324 0.963072 0.050647 0.059291
0 0.695992 0.932666 0.068408 0.059291
0 0.700551 0.807247 0.065372 0.051687
0 0.998879 0.542725 0.002242 0.054728
0 0.992798 0.321531 0.014403 0.056250
0 0.949872 0.325331 0.059291 0.060809
0 0.973433 0.251600 0.036486 0.044088
0 0.968113 0.675747 0.059291 0.080572
0 0.968874 0.457591 0.057768 0.072972
0 0.901222 0.424906 0.053209 0.065369
0 0.898182 0.491016 0.065372 0.051647
0 0.979533 0.590062 0.040934 0.055009
0 0.293394 0.316710 0.045337 0.050518
0 0.301166 0.262953 0.050518 0.054404
0 0.186528 0.347150 0.059585 0.044041
0 0.386010 0.018135 0.054404 0.036269
0 0.329663 0.023316 0.047927 0.041451
0 0.259067 0.009715 0.054404 0.019430