0 0.233080 0.966713 0.069931 0.066573
0 0.186710 0.967631 0.047127 0.044087
0 0.274125 0.984955 0.060809 0.030089
0 0.021763 0.099575 0.042568 0.059291
0 0.075133 0.124163 0.054410 0.061798
0 0.032409 0.198391 0.048650 0.062331
0 0.115260 0.135362 0.041045 0.047928
0 0.114499 0.068409 0.063849 0.054728
0 0.059772 0.068409 0.048650 0.063850
0 0.122860 0.019762 0.062331 0.039524
0 0.975314 0.018782 0.049371 0.037564
0 0.967988 0.079824 0.047376 0.050196
0 0.829773 0.817128 0.074490 0.080572
0 0.752229 0.789885 0.056271 0.059045
0 0.936947 0.472034 0.063849 0.077531
0 0.853334 0.474316 0.063849 0.066891
0 0.800126 0.476594 0.076013 0.068409
0 0.752237 0.510800 0.071449 0.066891
0 0.687631 0.377019 0.076013 0.057769
0 0.688388 0.326091 0.074490 0.053209
0 0.482396 0.273644 0.069931 0.066891
0 0.442112 0.243997 0.068408 0.059291
0 0.640499 0.514041 0.069931 0.069533
0 0.581214 0.534033 0.057768 0.044750
0 0.614659 0.561728 0.057768 0.056250
0 0.490757 0.684106 0.074490 0.066891
0 0.504040 0.738834 0.046324 0.045606
0 0.483919 0.757078 0.069931 0.057769
0 0.491519 0.793562 0.072972 0.057769
0 0.622409 0.876614 0.071244 0.080969
0 0.699028 0.798125 0.062331 0.094256
0 0.520370 0.983161 0.057706 0.033678
0 0.507480 0.887819 0.071449 0.072972
0 0.439828 0.811806 0.076013 0.069931
0 0.375445 0.757124 0.043636 0.050518
0 0.420984 0.658679 0.044041 0.055699
0 0.514323 0.569328 0.085131 0.080572
0 0.944547 0.606575 0.054727 0.063850
0 0.870057 0.577691 0.057768 0.069931