0 0.454355 0.918197 0.062938 0.053359
0 0.600069 0.927915 0.045153 0.050905
0 0.650592 0.924353 0.064100 0.051991
0 0.725263 0.729384 0.062938 0.061569
0 0.315484 0.775903 0.061570 0.067044
0 0.225183 0.677391 0.050624 0.080725
0 0.483091 0.406484 0.079355 0.091672
0 0.052787 0.300450 0.067041 0.068409
0 0.186187 0.149944 0.065673 0.073884
0 0.395684 0.140505 0.068736 0.076347
0 0.390544 0.039508 0.071244 0.079016
0 0.524817 0.208778 0.069781 0.106722
0 0.594598 0.231353 0.064305 0.080725
0 0.660271 0.216987 0.077987 0.071147
0 0.688321 0.167047 0.068408 0.067044
0 0.736209 0.329866 0.073884 0.064306
0 0.886026 0.086322 0.064305 0.083462
0 0.807231 0.088468 0.092792 0.079541
0 0.818005 0.935881 0.045337 0.047927
0 0.185881 0.777202 0.032383 0.051813
0 0.289508 0.555052 0.055699 0.058290
0 0.382124 0.609456 0.049223 0.045337
0 0.426166 0.577720 0.041451 0.049223
0 0.503238 0.522668 0.042746 0.047927