0 0.009785 0.524795 0.019570 0.070316
0 0.028940 0.537150 0.057880 0.093037
0 0.107961 0.323187 0.078617 0.094560
0 0.629073 0.652202 0.091596 0.107513
0 0.545907 0.547280 0.071088 0.066062
0 0.554404 0.690415 0.056995 0.085492
0 0.959473 0.376943 0.081054 0.093264
0 0.865285 0.355570 0.069948 0.081606
0 0.822539 0.538860 0.056995 0.075130
0 0.759067 0.541451 0.062176 0.075130
0 0.823187 0.371114 0.060881 0.086788
0 0.619819 0.551813 0.068653 0.072539
0 0.058938 0.548575 0.042746 0.058290
0 0.055052 0.386010 0.050518 0.062176
0 0.023316 0.398316 0.046632 0.063472
0 0.673575 0.621762 0.054404 0.059585