0 0.063472 0.110104 0.106218 0.098446
0 0.242876 0.060881 0.097150 0.103627
0 0.324757 0.031088 0.088828 0.062176
0 0.850078 0.384067 0.048549 0.053109
0 0.702333 0.782705 0.066836 0.064123
0 0.692629 0.857363 0.058379 0.060200
0 0.611271 0.875000 0.059842 0.071244
0 0.650000 0.978627 0.049740 0.042746
0 0.801988 0.963083 0.061827 0.068653
0 0.761962 0.901147 0.069340 0.071147
0 0.270078 0.892487 0.099741 0.111399
0 0.327773 0.809931 0.080267 0.096687
0 0.268511 0.698187 0.082148 0.098446
0 0.191062 0.735751 0.089378 0.101036
0 0.159120 0.871804 0.092850 0.093349
0 0.438303 0.914828 0.089715 0.091216
0 0.473446 0.747409 0.089378 0.090674
0 0.605386 0.556738 0.084564 0.084979
0 0.285668 0.203368 0.076332 0.075130
0 0.303109 0.257703 0.072539 0.064905
0 0.113342 0.967447 0.053109 0.065106
0 0.640544 0.367228 0.050518 0.053109
0 0.536269 0.597798 0.077720 0.060881
0 0.525259 0.726684 0.063472 0.082902
0 0.763601 0.419041 0.045337 0.045337
0 0.902202 0.376943 0.063472 0.056995
0 0.928756 0.460492 0.054404 0.042746
0 0.403497 0.979922 0.138601 0.040155
0 0.480570 0.937824 0.077720 0.093264
0 0.264896 0.970207 0.143782 0.056995
0 0.326425 0.609456 0.090674 0.079016