0 0.959029 0.289959 0.001824 0.000000
0 0.989317 0.717442 0.021365 0.067009
0 0.844194 0.538212 0.076145 0.071244
0 0.765702 0.525259 0.083217 0.071244
0 0.537237 0.233484 0.073766 0.078367
0 0.456400 0.244773 0.076012 0.072448
0 0.495003 0.302461 0.079712 0.073834
0 0.917960 0.188197 0.069005 0.069006
0 0.320703 0.970391 0.042831 0.046266
0 0.361156 0.922272 0.035692 0.047591
0 0.402798 0.899666 0.045209 0.052350
0 0.377296 0.992070 0.053698 0.015859
0 0.312824 0.918394 0.037565 0.044041
0 0.948187 0.804404 0.059585 0.051813
0 0.931995 0.709845 0.047927 0.038860