0 0.140696 0.746747 0.130525 0.130859
0 0.034118 0.848381 0.068236 0.086413
0 0.028356 0.914631 0.056711 0.089294
0 0.938852 0.720294 0.084971 0.094453
0 0.882682 0.836859 0.102258 0.089294
0 0.802507 0.893028 0.060973 0.072013
0 0.661608 0.793653 0.106577 0.092175
0 0.578822 0.742460 0.067745 0.067821
0 0.542068 0.777813 0.074890 0.072013
0 0.310913 0.795816 0.073452 0.084972
0 0.463578 0.623453 0.073456 0.104206
0 0.828142 0.641249 0.101880 0.083015
0 0.849876 0.521373 0.072808 0.076425
0 0.947490 0.550256 0.079214 0.095056
0 0.476161 0.428109 0.107264 0.112694
0 0.332514 0.164550 0.084971 0.082987
0 0.094158 0.069222 0.086414 0.077772
0 0.190654 0.391742 0.092176 0.086592
0 0.347639 0.510650 0.077771 0.082094
0 0.582394 0.172470 0.097934 0.098826
0 0.563777 0.249036 0.069337 0.074466
0 0.442112 0.024611 0.105413 0.049222
0 0.736150 0.721331 0.097567 0.104831