0 0.581377 0.765988 0.096313 0.096572
0 0.118136 0.526084 0.071158 0.088438
0 0.245200 0.550518 0.077935 0.103627
0 0.341771 0.487288 0.091490 0.084712
0 0.019254 0.496487 0.038508 0.062923
0 0.427367 0.445409 0.083090 0.075503
0 0.508654 0.331606 0.093182 0.098446
0 0.552180 0.302616 0.071806 0.074547
0 0.711962 0.213529 0.086405 0.079908
0 0.778034 0.215362 0.072850 0.099959
0 0.824925 0.416118 0.054813 0.057626
0 0.866982 0.483897 0.071158 0.060991
0 0.694042 0.463255 0.084974 0.081950
0 0.658593 0.366150 0.077935 0.076241
0 0.665490 0.516087 0.064141 0.064381
0 0.740763 0.517807 0.066073 0.057651
0 0.259813 0.054188 0.079212 0.090242
0 0.325678 0.057800 0.076239 0.069462
0 0.254282 0.109475 0.073331 0.050828
0 0.274852 0.230612 0.069461 0.066075
0 0.260452 0.282284 0.084713 0.033884