0 0.167159 0.395413 0.075252 0.082094
0 0.162806 0.904935 0.097634 0.096866
0 0.286191 0.889338 0.077987 0.079356
0 0.345707 0.925597 0.073884 0.086197
0 0.404542 0.953644 0.076619 0.082094
0 0.472955 0.956381 0.098512 0.079356
0 0.503054 0.881128 0.084830 0.079356
0 0.565310 0.901653 0.091669 0.087566
0 0.463376 0.762824 0.065673 0.069689
0 0.392914 0.721503 0.075252 0.059585
0 0.215676 0.582460 0.071249 0.066474
0 0.129531 0.639641 0.051991 0.061569
0 0.407277 0.569862 0.071149 0.069778
0 0.319711 0.643059 0.071149 0.082094
0 0.947539 0.430987 0.104922 0.098513
0 0.940018 0.513081 0.100244 0.065675
0 0.703220 0.587361 0.088379 0.110251
0 0.773276 0.511028 0.099880 0.108088
0 0.601098 0.493339 0.083025 0.069580
0 0.823187 0.567639 0.091969 0.092702
0 0.893555 0.698834 0.085947 0.112694
0 0.957254 0.296173 0.085492 0.102709
0 0.793486 0.911231 0.089562 0.079356
0 0.832081 0.967929 0.056045 0.064142
0 0.315415 0.404145 0.066062 0.072539
0 0.784974 1.000000 0.000000 0.000000
0 0.149611 0.718912 0.060881 0.064767
0 0.364637 0.694301 0.060881 0.059585