0 0.952720 0.642368 0.094560 0.106455
0 0.790155 0.801069 0.088083 0.081800
0 0.677655 0.781375 0.094409 0.077987
0 0.653709 0.719806 0.098512 0.077987
0 0.909686 0.765183 0.079592 0.078442
0 0.817894 0.928459 0.090301 0.087566
0 0.854435 0.938060 0.081284 0.087611
0 0.775481 0.927091 0.060202 0.087566
0 0.710089 0.912363 0.067847 0.069057
0 0.609928 0.743066 0.060202 0.069778
0 0.620188 0.796425 0.058835 0.050625
0 0.432062 0.663709 0.071149 0.061569
0 0.324482 0.606383 0.073834 0.061845
0 0.332254 0.528419 0.079016 0.070104
0 0.281558 0.622757 0.065673 0.080911
0 0.461767 0.360650 0.058249 0.071147
0 0.527834 0.372281 0.076619 0.069778
0 0.592139 0.370228 0.068408 0.076619
0 0.631135 0.411275 0.061570 0.060200
0 0.607651 0.264191 0.070224 0.083462
0 0.638943 0.202073 0.074446 0.064767
0 0.735804 0.189133 0.079355 0.080338
0 0.809002 0.179363 0.072516 0.075253
0 0.787565 0.271373 0.046632 0.053109
0 0.955311 0.262953 0.050518 0.054404
0 0.816062 0.248705 0.054404 0.049223