0 0.324360 0.917171 0.071486 0.090529
0 0.386614 0.907005 0.071331 0.082363
0 0.292844 0.961711 0.067554 0.061034
0 0.231465 0.988342 0.071737 0.023316
0 0.179714 0.876596 0.071863 0.073233
0 0.235273 0.857113 0.060542 0.070748
0 0.181009 0.813489 0.069272 0.080346
0 0.242399 0.750571 0.074788 0.076577
0 0.308986 0.718264 0.071147 0.073834
0 0.085667 0.642350 0.098818 0.100334
0 0.021170 0.640544 0.042340 0.091969
0 0.076662 0.543388 0.083376 0.094549
0 0.148414 0.545596 0.081410 0.095336
0 0.217750 0.356206 0.096121 0.101013
0 0.363234 0.188932 0.078800 0.098071
0 0.014329 0.725990 0.028658 0.079108
0 0.391839 0.241580 0.071244 0.050518