0 0.762306 0.724653 0.091969 0.089553
0 0.846503 0.686501 0.073834 0.088139
0 0.891369 0.662594 0.089295 0.092175
0 0.851036 0.528127 0.101036 0.094005
0 0.561528 0.464851 0.081606 0.088433
0 0.478775 0.535622 0.099444 0.104922
0 0.411771 0.575420 0.092176 0.110818
0 0.317438 0.566710 0.087852 0.094560
0 0.161269 0.353627 0.068653 0.077720
0 0.100683 0.074638 0.074890 0.087099
0 0.044581 0.060233 0.089161 0.081606
0 0.253349 0.075703 0.095053 0.090734
0 0.048229 0.403088 0.056391 0.077244
0 0.825130 0.769430 0.082902 0.080311
0 0.543394 0.727332 0.047927 0.089378