0 0.125798 0.414349 0.053289 0.062494
0 0.040107 0.434228 0.051850 0.061928
0 0.045865 0.483916 0.048969 0.046087
0 0.138760 0.338453 0.061932 0.066250
0 0.048027 0.338453 0.059051 0.072013
0 0.094834 0.301006 0.060489 0.054728
0 0.094834 0.211713 0.057608 0.037447
0 0.248938 0.074891 0.060489 0.069131
0 0.240294 0.018722 0.077771 0.034566
0 0.343688 0.420487 0.074281 0.066363
0 0.242456 0.964378 0.084971 0.071244
0 0.386479 0.693005 0.059051 0.072539
0 0.454892 0.688496 0.057608 0.066111
0 0.411269 0.620090 0.063472 0.044793
0 0.357801 0.484177 0.056418 0.052371
0 0.389616 0.094364 0.065327 0.067749
0 0.428247 0.038955 0.061932 0.054594
0 0.707369 0.626998 0.067127 0.067248
0 0.650759 0.588648 0.054727 0.055535
0 0.863195 0.685881 0.056170 0.060881
0 0.694686 0.415506 0.064808 0.064809
0 0.693967 0.365816 0.063370 0.077772
0 0.619796 0.373667 0.061932 0.104997
0 0.771018 0.332902 0.059051 0.062176
0 0.220855 0.860534 0.093615 0.073450
0 0.696498 0.798606 0.065553 0.050409
0 0.895597 0.438324 0.046088 0.032679
0 0.939528 0.766200 0.001438 0.000000
0 0.284974 0.300518 0.062176 0.041451
0 0.395725 0.303109 0.040155 0.036269