0 0.551775 0.899803 0.083702 0.086922
0 0.598455 0.846681 0.064385 0.090141
0 0.531654 0.839441 0.065997 0.082094
0 0.489002 0.782297 0.074044 0.090141
0 0.396445 0.639841 0.072436 0.088531
0 0.279189 0.484194 0.106906 0.104831
0 0.266866 0.626159 0.086922 0.093359
0 0.177528 0.731591 0.065997 0.078875
0 0.072901 0.780566 0.091749 0.099559
0 0.095438 0.636622 0.059558 0.098191
0 0.150220 0.648696 0.059664 0.090137
0 0.034326 0.568653 0.068652 0.075130
0 0.008555 0.625353 0.017110 0.092375
0 0.187824 0.620466 0.056995 0.069948