0 0.969057 0.876596 0.061886 0.073233
0 0.968912 0.801813 0.062176 0.088083
0 0.889817 0.652606 0.090516 0.079823
0 0.803294 0.637009 0.078091 0.074536
0 0.892465 0.551160 0.051770 0.079004
0 0.952557 0.554937 0.089695 0.114019
0 0.570217 0.340584 0.072972 0.080572
0 0.681193 0.561019 0.066890 0.089694
0 0.627223 0.552656 0.059291 0.076013
0 0.707795 0.659072 0.068409 0.063850
0 0.790651 0.726722 0.076013 0.080572
0 0.729838 0.734325 0.063849 0.068409
0 0.727559 0.877228 0.053209 0.056250
0 0.688793 0.863544 0.079054 0.083612
0 0.698677 0.921312 0.068409 0.056250
0 0.556535 0.822497 0.066890 0.065369
0 0.493442 0.808816 0.062331 0.077531
0 0.504083 0.386191 0.071449 0.065369
0 0.506367 0.320059 0.057768 0.069931
0 0.415911 0.304097 0.071449 0.080572
0 0.401468 0.102666 0.066890 0.085134
0 0.491924 0.078341 0.080572 0.091216
0 0.432634 0.433319 0.077531 0.056250
0 0.368940 0.476684 0.062638 0.075130
0 0.092617 0.257436 0.081606 0.079638
0 0.068539 0.184759 0.091213 0.069931
0 0.010705 0.050219 0.021409 0.092734
0 0.316062 0.165155 0.062176 0.068653
0 0.612694 0.141839 0.064767 0.076425
0 0.599741 0.875648 0.046632 0.049223
0 0.588083 0.823187 0.041451 0.060881