0 0.686784 0.969560 0.075641 0.060880
0 0.793300 0.950024 0.063285 0.073624
0 0.855450 0.935268 0.079255 0.064698
0 0.913087 0.860047 0.064516 0.074797
0 0.933484 0.444113 0.111282 0.089391
0 0.883317 0.343775 0.083918 0.085741
0 0.813084 0.291726 0.071149 0.073089
0 0.680822 0.261658 0.087566 0.082902
0 0.745583 0.302728 0.100336 0.091216
0 0.738258 0.413741 0.093097 0.087026
0 0.818555 0.403978 0.078443 0.096687
0 0.513776 0.319301 0.070893 0.099741
0 0.457886 0.306729 0.086818 0.116048
0 0.353438 0.281088 0.092887 0.103627
0 0.441841 0.434078 0.087566 0.105809
0 0.405355 0.518906 0.087566 0.074797
0 0.466469 0.673059 0.063849 0.109456
0 0.524848 0.677619 0.082095 0.082094
0 0.616020 0.609236 0.071068 0.065622
0 0.610646 0.785253 0.071032 0.067500
0 0.312138 0.731926 0.072616 0.077599
0 0.313472 0.658475 0.059585 0.065654
0 0.268533 0.614681 0.080267 0.080269
0 0.166451 0.380181 0.084197 0.097150
0 0.062656 0.357469 0.076089 0.098534
0 0.930749 0.303641 0.065673 0.071147
0 0.711788 0.433290 0.068653 0.068653
0 0.030440 0.541451 0.053109 0.072539
0 0.027850 0.373705 0.055699 0.089378
0 0.959845 0.513601 0.075130 0.104922