0 0.288828 0.906088 0.111463 0.115285
0 0.640519 0.969560 0.086737 0.060880
0 0.718595 0.812824 0.080944 0.091969
0 0.643539 0.827073 0.072053 0.081606
0 0.674223 0.876814 0.102332 0.072797
0 0.843521 0.808013 0.078235 0.079212
0 0.866580 0.850182 0.064767 0.048340
0 0.921671 0.803756 0.086709 0.086788
0 0.966521 0.756477 0.066958 0.075130
0 0.981865 0.287123 0.036269 0.089789
0 0.593152 0.627263 0.083533 0.074891
0 0.513938 0.622222 0.077771 0.076331
0 0.612633 0.302065 0.064889 0.092761
0 0.669791 0.269456 0.069745 0.088031
0 0.738612 0.259284 0.069132 0.090734
0 0.957254 0.442252 0.085492 0.076214
0 0.327058 0.020725 0.084227 0.041450
0 0.548588 0.296407 0.066088 0.079861
0 0.687824 0.917746 0.085492 0.050518
0 0.584845 0.684585 0.079016 0.055699