0 0.498051 0.968839 0.059051 0.062322
0 0.206406 0.905272 0.066251 0.067691
0 0.232332 0.855262 0.060489 0.052492
0 0.312983 0.784294 0.057608 0.061928
0 0.073904 0.958559 0.066251 0.070572
0 0.264014 0.677002 0.057608 0.060504
0 0.197763 0.692119 0.063370 0.070572
0 0.348990 0.526491 0.060489 0.067691
0 0.270495 0.490488 0.087852 0.108016
0 0.543420 0.590581 0.046088 0.072013
0 0.260519 0.265088 0.085180 0.086404
0 0.451243 0.151313 0.080652 0.083534
0 0.632710 0.018782 0.100815 0.037564
0 0.568653 0.117876 0.041451 0.041451
0 0.641839 0.882124 0.060881 0.054404