0 0.016839 0.234064 0.033678 0.071756
0 0.084845 0.415803 0.073834 0.082902
0 0.140196 0.402659 0.077987 0.082094
0 0.223659 0.345933 0.075252 0.077877
0 0.391951 0.393782 0.080722 0.069948
0 0.016192 0.610065 0.032383 0.070025
0 0.137306 0.942358 0.075130 0.071244
0 0.068366 0.608112 0.065673 0.078919
0 0.121591 0.631876 0.059926 0.080808
0 0.391565 0.606827 0.073285 0.063548
0 0.342696 0.543584 0.080722 0.079356
0 0.477385 0.617263 0.073727 0.078945
0 0.464104 0.426166 0.071793 0.069948
0 0.720322 0.575738 0.069781 0.080725
0 0.870688 0.488874 0.069506 0.076655
0 0.821484 0.648964 0.066876 0.067358
0 0.775448 0.715888 0.076047 0.068223
0 0.975389 0.592617 0.049222 0.073834
0 0.926238 0.774813 0.095777 0.079356
0 0.965854 0.816544 0.068291 0.061569
0 0.161917 0.562824 0.062176 0.058290
0 0.162565 0.968264 0.068653 0.063472
0 0.159974 0.639249 0.047927 0.073834
0 0.180052 0.393782 0.062176 0.069948
0 0.028497 0.165803 0.051813 0.067358