0 0.967893 0.604344 0.064214 0.072972
0 0.897015 0.658206 0.077531 0.132475
0 0.816443 0.653753 0.074490 0.114019
0 0.615015 0.645391 0.079054 0.097294
0 0.538240 0.629428 0.092736 0.095775
0 0.426503 0.651472 0.094254 0.091216
0 0.447924 0.440415 0.103102 0.137306
0 0.328446 0.700119 0.080572 0.109456
0 0.209870 0.505576 0.083613 0.075919
0 0.025503 0.315500 0.051006 0.109456
0 0.081410 0.336781 0.085131 0.103375
0 0.413212 0.189673 0.059585 0.058478
0 0.544886 0.036572 0.085516 0.073144
0 0.858249 0.106165 0.079054 0.083007
0 0.842036 0.737938 0.067492 0.065391
0 0.755902 0.729634 0.065391 0.092375