0 0.674706 0.896991 0.110976 0.092734
0 0.661024 0.959319 0.117058 0.065369
0 0.208753 0.459922 0.085131 0.085134
0 0.134262 0.356358 0.072972 0.087801
0 0.283031 0.373705 0.094560 0.089378
0 0.424870 0.289883 0.093264 0.088628
0 0.347854 0.459887 0.077531 0.069864
0 0.030440 0.259250 0.060880 0.094256
0 0.125901 0.033090 0.077531 0.066180
0 0.385863 0.018647 0.050168 0.037294
0 0.331099 0.035622 0.071524 0.063472
0 0.561450 0.054778 0.063849 0.065369
0 0.666451 0.074451 0.079016 0.068591
0 0.731233 0.193758 0.084167 0.078806
0 0.651902 0.252409 0.101854 0.104897
0 0.784164 0.302233 0.068409 0.063015
0 0.820908 0.347828 0.062847 0.073774
0 0.668624 0.368706 0.101854 0.088175
0 0.952720 0.623057 0.068653 0.075130
0 0.880698 0.707722 0.079054 0.066891
0 0.288212 0.011658 0.037565 0.023316
0 0.073187 0.370466 0.050518 0.046632
0 0.226036 0.609456 0.047927 0.053109
0 0.869171 0.493523 0.033679 0.049223