0 0.952540 0.654032 0.076785 0.072313
0 0.920986 0.731234 0.074490 0.066891
0 0.971514 0.767958 0.056971 0.052166
0 0.970978 0.065635 0.052862 0.055258
0 0.928400 0.255400 0.071826 0.072972
0 0.709674 0.369819 0.101854 0.094560
0 0.626943 0.422655 0.085492 0.082151
0 0.814828 0.491038 0.075008 0.085134
0 0.787205 0.602013 0.086654 0.057769
0 0.855626 0.784375 0.086675 0.078919
0 0.730194 0.556406 0.072972 0.072972
0 0.748440 0.485716 0.069931 0.080572
0 0.696749 0.482675 0.072972 0.074491
0 0.273387 0.374791 0.077578 0.089795
0 0.335695 0.640019 0.080572 0.082094
0 0.512044 0.713470 0.077531 0.072017
0 0.587295 0.567809 0.079054 0.083612
0 0.663304 0.719419 0.060809 0.076706
0 0.973035 0.961393 0.053930 0.077214
0 0.847198 0.094256 0.070044 0.072972
0 0.702073 0.428756 0.064767 0.044041