0 0.919376 0.937824 0.079627 0.088083
0 0.863813 0.960667 0.072154 0.078666
0 0.705959 0.185881 0.075130 0.086788
0 0.639830 0.179462 0.083016 0.084313
0 0.432287 0.524038 0.067769 0.099959
0 0.494971 0.540981 0.057603 0.099959
0 0.396198 0.225006 0.082551 0.084713
0 0.251003 0.270294 0.084713 0.092402
0 0.139336 0.512984 0.091795 0.088021
0 0.645756 0.916878 0.077935 0.090234
0 0.522080 0.928956 0.074547 0.079628
0 0.462781 0.811528 0.074547 0.045337
0 0.223048 0.898463 0.076239 0.069462
0 0.214578 0.968772 0.069461 0.054216
0 0.062942 0.965749 0.047437 0.068502
0 0.016225 0.962362 0.032450 0.075276
0 0.009574 0.017466 0.001692 0.001694