0 0.577441 0.971666 0.083459 0.056668
0 0.523273 0.969560 0.075044 0.060880
0 0.423469 0.949521 0.067144 0.067436
0 0.367534 0.598428 0.071830 0.060428
0 0.203922 0.636053 0.102615 0.101475
0 0.112136 0.648025 0.080953 0.086653
0 0.036269 0.526597 0.072538 0.094634
0 0.093264 0.749029 0.064767 0.060233
0 0.031838 0.653728 0.063676 0.072972
0 0.573906 0.228441 0.062712 0.054728
0 0.593289 0.275187 0.069551 0.050169
0 0.743293 0.120125 0.054865 0.057009
0 0.701610 0.182834 0.090076 0.061569
0 0.011884 0.000202 0.023768 0.000404
0 0.015544 0.028497 0.031088 0.056994
0 0.020078 0.965026 0.040155 0.067358