0 0.753794 0.019585 0.087566 0.039170
0 0.536706 0.022323 0.083918 0.044645
0 0.459174 0.058325 0.096688 0.093038
0 0.393173 0.035093 0.079091 0.070186
0 0.670787 0.045125 0.085742 0.090250
0 0.662581 0.155012 0.098512 0.093038
0 0.753794 0.206094 0.080267 0.096687
0 0.865076 0.108494 0.098512 0.109456
0 0.972150 0.733313 0.055699 0.103984
0 0.957254 0.869213 0.085492 0.098530
0 0.530318 0.199196 0.093036 0.093836
0 0.547298 0.124352 0.068617 0.095855
0 0.436292 0.200619 0.069476 0.085741
0 0.505181 0.334706 0.085492 0.091216
0 0.542834 0.459669 0.075305 0.100334
0 0.393606 0.449482 0.067710 0.082902
0 0.720302 0.500988 0.100848 0.099060
0 0.652398 0.756477 0.070852 0.067358
0 0.908984 0.967447 0.073223 0.065106
0 0.624733 0.569502 0.066596 0.068250
0 0.309376 0.550493 0.096274 0.095905
0 0.120770 0.387609 0.080267 0.091216
0 0.019430 0.092617 0.038860 0.047927
0 0.476036 0.834845 0.047927 0.076425