0 0.554411 0.975656 0.072553 0.048687
0 0.258420 0.867876 0.071244 0.077720
0 0.223802 0.707902 0.095272 0.094560
0 0.314765 0.714378 0.089695 0.102332
0 0.366835 0.477935 0.104136 0.080221
0 0.378614 0.392625 0.086654 0.101856
0 0.471333 0.344250 0.098784 0.095235
0 0.709269 0.610781 0.097295 0.124659
0 0.661380 0.654106 0.107936 0.104897
0 0.608133 0.733450 0.086732 0.086071
0 0.682662 0.767366 0.083613 0.109456
0 0.753886 0.635984 0.072539 0.077774
0 0.936542 0.713397 0.101854 0.107938
0 0.862813 0.717956 0.079054 0.101856
0 0.906530 0.810185 0.098033 0.076521
0 0.952503 0.841097 0.069931 0.089694
0 0.989175 0.857819 0.021649 0.089694
0 0.432308 0.830843 0.060255 0.055469