0 0.920669 0.640337 0.047263 0.066477
0 0.876876 0.638066 0.057608 0.059050
0 0.982364 0.100141 0.035271 0.080653
0 0.948529 0.280978 0.051129 0.064987
0 0.893980 0.285082 0.052208 0.064551
0 0.897848 0.176166 0.059226 0.077720
0 0.830055 0.192170 0.059074 0.083822
0 0.760785 0.026554 0.058742 0.053108
0 0.697312 0.029793 0.068199 0.059585
0 0.758056 0.326975 0.064808 0.079213
0 0.688928 0.203116 0.056170 0.070572
0 0.623396 0.208156 0.063370 0.063369
0 0.403461 0.238096 0.071170 0.066865
0 0.455845 0.172280 0.062404 0.036269
0 0.418579 0.307534 0.075501 0.060491
0 0.559307 0.341378 0.064808 0.061928
0 0.683885 0.461638 0.077771 0.072012
0 0.598914 0.451556 0.072013 0.083534
0 0.522581 0.401147 0.063370 0.072012
0 0.467850 0.409788 0.051850 0.063369
0 0.407361 0.391261 0.077771 0.072401
0 0.594590 0.653188 0.054727 0.086413
0 0.543463 0.626544 0.050407 0.070572
0 0.500975 0.615811 0.054727 0.063228
0 0.588594 0.865285 0.045611 0.059585
0 0.476145 0.944774 0.068436 0.056048
0 0.449656 0.658031 0.064418 0.031088
0 0.029145 0.706877 0.058290 0.076967
0 0.047678 0.795826 0.075629 0.092286
0 0.031736 0.986399 0.063472 0.027202