0 0.212413 0.985751 0.059631 0.028497
0 0.642748 0.603500 0.056170 0.053287
0 0.596660 0.533600 0.059051 0.049065
0 0.573616 0.566053 0.050408 0.053287
0 0.588741 0.624381 0.040326 0.051847
0 0.628348 0.561013 0.041764 0.046088
0 0.074338 0.682740 0.071531 0.061982
0 0.020727 0.676166 0.041454 0.059585
0 0.029370 0.730238 0.058736 0.053287
0 0.257490 0.728800 0.066251 0.056169
0 0.156674 0.926828 0.057608 0.060491
0 0.101500 0.940760 0.052741 0.049914
0 0.187824 0.146794 0.049223 0.058744
0 0.135363 0.164508 0.058290 0.051813
0 0.816062 0.983808 0.054404 0.032383