0 0.392487 0.936528 0.090674 0.106218
0 0.232513 0.855570 0.079016 0.084197
0 0.316062 0.765544 0.072539 0.085492
0 0.399611 0.668394 0.097150 0.103627
0 0.400918 0.543401 0.104944 0.115299
0 0.238990 0.621114 0.084197 0.084197
0 0.246936 0.539652 0.084546 0.084486
0 0.204016 0.478627 0.084197 0.071244
0 0.169689 0.352979 0.113990 0.161917
0 0.275526 0.257628 0.125875 0.175131
0 0.042098 0.241293 0.084196 0.178036
0 0.568005 0.558840 0.112694 0.118071
0 0.718143 0.436866 0.102615 0.120403
0 0.812690 0.042746 0.097419 0.085492
0 0.759486 0.068653 0.099284 0.116580
0 0.800163 0.686690 0.088793 0.111076