0 0.094640 0.389037 0.093104 0.100164
0 0.243552 0.727919 0.057335 0.063850
0 0.026000 0.041777 0.052000 0.083553
0 0.257233 0.396288 0.074274 0.091216
0 0.311960 0.413228 0.058637 0.086003
0 0.059819 0.105706 0.065151 0.049516
0 0.400569 0.046989 0.095123 0.093978
0 0.354960 0.129163 0.084699 0.080791
0 0.901584 0.905350 0.047635 0.070944
0 0.835202 0.740659 0.074998 0.057769
0 0.712062 0.695559 0.059798 0.083106
0 0.802264 0.832888 0.049660 0.055741
0 0.640612 0.502487 0.093243 0.112497
0 0.500242 0.601809 0.080065 0.114525
0 0.457674 0.651472 0.084121 0.090200
0 0.418655 0.470562 0.072972 0.089188
0 0.424229 0.373269 0.078039 0.083106
0 0.519498 0.373775 0.078039 0.102363
0 0.824053 0.429516 0.087162 0.120606
0 0.914256 0.229353 0.115540 0.135809
0 0.982972 0.255703 0.034056 0.119591
0 0.892462 0.280028 0.118576 0.087159
0 0.592470 0.206041 0.090202 0.099322
0 0.569158 0.068713 0.086146 0.084119
0 0.965674 0.477332 0.068652 0.076425
0 0.178109 0.422280 0.076425 0.067358