0 0.191710 0.986399 0.067358 0.027202
0 0.341552 0.851368 0.066524 0.074465
0 0.412565 0.853627 0.066062 0.075130
0 0.404460 0.678834 0.065372 0.091216
0 0.399901 0.586100 0.068408 0.072972
0 0.360374 0.666675 0.068408 0.076013
0 0.285914 0.385809 0.074419 0.085894
0 0.525946 0.244809 0.077798 0.071450
0 0.583088 0.285853 0.085131 0.080572
0 0.709269 0.400631 0.085131 0.082094
0 0.543235 0.697403 0.055383 0.063200
0 0.607831 0.672859 0.043405 0.061018
0 0.957067 0.418116 0.076013 0.107938
0 0.892456 0.069184 0.080572 0.094326
0 0.710182 0.022021 0.089999 0.044041
0 0.630215 0.028529 0.109458 0.057058
0 0.516197 0.047178 0.076013 0.080572
0 0.930052 0.174870 0.059585 0.064767
0 0.970207 0.183938 0.036269 0.059585
0 0.536269 0.094560 0.064767 0.067358
0 0.253886 0.409326 0.059585 0.059585
0 0.687824 0.075130 0.064767 0.056995
0 0.724093 0.053109 0.062176 0.046632