0 0.840938 0.701088 0.062190 0.079606
0 0.883849 0.719122 0.048509 0.063434
0 0.839072 0.842884 0.063436 0.072141
0 0.179220 0.949231 0.054727 0.048509
0 0.222752 0.952963 0.042291 0.046022
0 0.753245 0.114622 0.060950 0.053484
0 0.707228 0.138875 0.058459 0.057216
0 0.658094 0.133278 0.052240 0.053484
0 0.750138 0.017197 0.069654 0.034394
0 0.590926 0.403191 0.054727 0.065922
0 0.418657 0.420603 0.055972 0.055972
0 0.324126 0.490878 0.058459 0.064678
0 0.268774 0.506428 0.062190 0.070897
0 0.087175 0.456675 0.067168 0.053484
0 0.115784 0.505184 0.064681 0.090800
0 0.128220 0.600959 0.059704 0.038559
0 0.020576 0.576081 0.041152 0.088312
0 0.056080 0.974304 0.067168 0.051392
0 0.564031 0.089946 0.050695 0.068813
0 0.505104 0.066734 0.062190 0.059703
0 0.501372 0.118353 0.062190 0.038559
0 0.126980 0.007246 0.054727 0.014492
0 0.066650 0.015952 0.060950 0.031904
0 0.424223 0.268135 0.047927 0.062176