0 0.801699 0.113550 0.051585 0.058706
0 0.817557 0.159817 0.059186 0.061194
0 0.718356 0.219444 0.066245 0.065831
0 0.769721 0.228034 0.054727 0.066891
0 0.753760 0.294166 0.071449 0.074491
0 0.482396 0.321763 0.069931 0.070987
0 0.517364 0.358016 0.057768 0.071450
0 0.454271 0.380819 0.068408 0.053209
0 0.679586 0.266247 0.058654 0.058179
0 0.707390 0.321460 0.063849 0.059152
0 0.781123 0.531244 0.059291 0.062487
0 0.716300 0.551065 0.067315 0.068451
0 0.812462 0.581510 0.064195 0.062369
0 0.615933 0.775983 0.066062 0.043888
0 0.676166 0.728568 0.046632 0.040273
0 0.884067 0.922280 0.058290 0.054404
0 0.761010 0.169689 0.050518 0.041451
0 0.793394 0.303756 0.027202 0.060881