0 0.015544 0.646692 0.031088 0.082263
0 0.367471 0.549601 0.081119 0.110643
0 0.283772 0.590026 0.103441 0.110104
0 0.181879 0.581606 0.107635 0.113990
0 0.379534 0.246114 0.119171 0.126943
0 0.480151 0.362019 0.098512 0.122228
0 0.515643 0.228627 0.049420 0.071244
0 0.973446 0.726684 0.053108 0.116580
0 0.844002 0.890745 0.089198 0.125246
0 0.782171 0.945596 0.092839 0.101036
0 0.977234 0.302728 0.045532 0.109456
0 0.959197 0.069602 0.081606 0.097753
0 0.667140 0.489719 0.107635 0.096687
0 0.633389 0.340754 0.087566 0.106379
0 0.719132 0.341041 0.098512 0.120403
0 0.813084 0.381172 0.096688 0.102159
0 0.921631 0.390294 0.098512 0.080269
0 0.923119 0.187947 0.084580 0.090919
0 0.474741 0.039508 0.058290 0.071244
0 0.952073 0.771373 0.075130 0.045337
0 0.864637 0.963731 0.060881 0.041451