0 0.282918 0.939822 0.079241 0.065951
0 0.508026 0.948889 0.064259 0.084087
0 0.039080 0.267508 0.077281 0.110062
0 0.042976 0.092759 0.085951 0.112878
0 0.118447 0.054930 0.136822 0.109860
0 0.213368 0.030132 0.124851 0.060264
0 0.327959 0.038683 0.107747 0.077366
0 0.373281 0.059206 0.102615 0.118412
0 0.176166 0.270814 0.113990 0.119348
0 0.038701 0.454481 0.077402 0.090644
0 0.201794 0.325480 0.111957 0.078421
0 0.253886 0.361148 0.116580 0.098948
0 0.357888 0.327066 0.092355 0.126559
0 0.383541 0.482700 0.078673 0.085513
0 0.286054 0.510919 0.106037 0.114588
0 0.415181 0.305688 0.094066 0.094066
0 0.539686 0.210327 0.096794 0.094891
0 0.569300 0.146373 0.084198 0.082902
0 0.446822 0.103022 0.075252 0.082094
0 0.621267 0.962431 0.064992 0.063281
0 0.670866 0.583606 0.082095 0.102616
0 0.754906 0.612060 0.095304 0.094533
0 0.881656 0.489129 0.094918 0.100020
0 0.933389 0.518616 0.073541 0.095775
0 0.966268 0.527169 0.067464 0.082094
0 0.847877 0.634916 0.094066 0.068409
0 0.847507 0.549400 0.091386 0.095775
0 0.975675 0.410518 0.048650 0.093057
0 0.890544 0.821891 0.084197 0.084197