0 0.917960 0.976847 0.069005 0.046306
0 0.993482 0.664584 0.013036 0.085662
0 0.986345 0.760359 0.027310 0.077334
0 0.942349 0.684595 0.089230 0.097131
0 0.918814 0.603313 0.086333 0.082094
0 0.902493 0.274941 0.040453 0.048781
0 0.927123 0.238142 0.042127 0.046232
0 0.411719 0.263044 0.060677 0.058297
0 0.358181 0.287565 0.053538 0.056995
0 0.819209 0.750841 0.047592 0.079712
0 0.676538 0.641964 0.069204 0.104672
0 0.609689 0.636010 0.104456 0.093264
0 0.750800 0.664584 0.058299 0.088041
0 0.503238 0.672927 0.073834 0.079016
0 0.437585 0.688472 0.060062 0.073834
0 0.768646 0.215787 0.046398 0.039928
0 0.879293 0.211943 0.039264 0.053420
0 0.851925 0.178569 0.051160 0.041641
0 0.024721 0.076502 0.049442 0.051660
0 0.075559 0.073872 0.050082 0.044022
0 0.159521 0.435665 0.048833 0.056132
0 0.118675 0.461916 0.052806 0.065806