0 0.963083 0.648856 0.063472 0.074914
0 0.975501 0.722150 0.048998 0.060881
0 0.526857 0.339219 0.087852 0.089294
0 0.455345 0.371491 0.086855 0.082359
0 0.391273 0.375225 0.062338 0.083534
0 0.534776 0.447234 0.072013 0.089294
0 0.455563 0.437872 0.072013 0.053287
0 0.665836 0.322800 0.077771 0.082380
0 0.590026 0.454663 0.050518 0.059585
0 0.607509 0.353202 0.047526 0.061327
0 0.529992 0.095249 0.072938 0.073751
0 0.875390 0.016945 0.070570 0.033890
0 0.806564 0.033508 0.061315 0.067016
0 0.487357 0.029188 0.043421 0.058375
0 0.873057 0.047280 0.069948 0.032383
0 0.369171 0.355570 0.054404 0.045337