0 0.367881 0.703331 0.091669 0.098372
0 0.264579 0.717617 0.093036 0.103627
0 0.494437 0.679319 0.087566 0.094406
0 0.447235 0.733363 0.075252 0.076619
0 0.467074 0.784254 0.079355 0.066208
0 0.572429 0.755938 0.084830 0.088934
0 0.490189 0.435365 0.081799 0.082637
0 0.116811 0.057466 0.073884 0.071147
0 0.964766 0.395413 0.070467 0.082094
0 0.697618 0.606119 0.088933 0.087566
0 0.744821 0.685475 0.093036 0.082094
0 0.664784 0.779881 0.056095 0.076619
0 0.673508 0.838318 0.057129 0.053933
0 0.615036 0.830865 0.046133 0.063658
0 0.956606 0.907525 0.086788 0.102048
0 0.768627 0.974741 0.086477 0.050518
0 0.988024 0.591069 0.023951 0.049256
0 0.929531 0.639641 0.051991 0.061569
0 0.152202 0.077720 0.055699 0.067358
0 0.636658 0.373705 0.058290 0.071244
0 0.950777 0.721503 0.077720 0.067358
0 0.547280 0.629534 0.091969 0.088083