0 0.801860 0.974555 0.062268 0.050890
0 0.734341 0.890778 0.076333 0.067691
0 0.688972 0.667544 0.072013 0.076331
0 0.583935 0.508436 0.054927 0.063440
0 0.541349 0.644500 0.061932 0.076331
0 0.591038 0.697788 0.051850 0.056169
0 0.641445 0.721553 0.057608 0.060491
0 0.350520 0.568887 0.072013 0.051847
0 0.315299 0.542966 0.076194 0.066250
0 0.333238 0.780603 0.077771 0.066250
0 0.283550 0.712912 0.064808 0.066250
0 0.285707 0.960631 0.060489 0.072012
0 0.192092 0.900141 0.054727 0.080653
0 0.099921 0.965913 0.063370 0.068173
0 0.029796 0.968794 0.059592 0.062412
0 0.071891 0.406088 0.060881 0.058290
0 0.097158 0.270807 0.049207 0.049059
0 0.159644 0.301261 0.033043 0.032193
0 0.085515 0.516322 0.048969 0.056169
0 0.048789 0.493278 0.044645 0.064809
0 0.032227 0.631537 0.034564 0.044647
0 0.397021 0.915155 0.053109 0.050518
0 0.566710 0.481218 0.042746 0.042746