0 0.151604 0.671634 0.071670 0.084193
0 0.289728 0.716969 0.061246 0.081606
0 0.337602 0.729466 0.057956 0.072157
0 0.331022 0.551353 0.064658 0.083397
0 0.367912 0.482291 0.095123 0.096425
0 0.359899 0.328531 0.085083 0.093822
0 0.493656 0.435435 0.086001 0.085896
0 0.538612 0.508353 0.053425 0.065153
0 0.453264 0.572853 0.054727 0.066456
0 0.601159 0.743553 0.048213 0.076881
0 0.643511 0.634097 0.062548 0.079488
0 0.636992 0.426259 0.065151 0.080791
0 0.700714 0.495322 0.064892 0.062547
0 0.720389 0.700553 0.054727 0.043000
0 0.724299 0.750722 0.054727 0.041697
0 0.859166 0.227544 0.079486 0.100334
0 0.188472 0.296632 0.079016 0.077720
0 0.694301 0.226684 0.085492 0.062176
0 0.616580 0.565415 0.054404 0.073834
0 0.202073 0.892487 0.069948 0.069948
0 0.550518 0.213083 0.075130 0.050518