0 0.450068 0.987047 0.071449 0.025906
0 0.572447 0.961194 0.072972 0.056250
0 0.656060 0.572775 0.057768 0.066891
0 0.580808 0.547691 0.065372 0.059291
0 0.615772 0.607321 0.077531 0.059970
0 0.847131 0.782566 0.093303 0.088175
0 0.922729 0.816013 0.074232 0.079053
0 0.840009 0.863965 0.118576 0.095905
0 0.986134 0.758244 0.027731 0.088175
0 0.744819 0.827720 0.067358 0.077720
0 0.681347 0.331606 0.056995 0.062176
0 0.695596 0.382124 0.056995 0.044041
0 0.726684 0.326425 0.036269 0.044041
0 0.606218 0.729922 0.054404 0.045337
0 0.562824 0.716969 0.058290 0.050518