0 0.395078 0.914273 0.082902 0.079841
0 0.597428 0.942672 0.082095 0.086413
0 0.919316 0.685258 0.089295 0.069899
0 0.829302 0.604219 0.076333 0.066250
0 0.899502 0.791450 0.068435 0.063369
0 0.441352 0.391066 0.081027 0.072012
0 0.371311 0.377591 0.093615 0.076425
0 0.962538 0.200238 0.074924 0.093616
0 0.896996 0.180794 0.090734 0.089294
0 0.819221 0.227600 0.061932 0.090734
0 0.697523 0.190875 0.086414 0.086413
0 0.659974 0.348165 0.079016 0.077158
0 0.436843 0.014064 0.095053 0.028128
0 0.515333 0.015505 0.059051 0.031010
0 0.869171 0.658031 0.056995 0.062176
0 0.991580 0.191710 0.016839 0.077720