0 0.817894 0.758620 0.120243 0.120867
0 0.915260 0.762803 0.114017 0.127700
0 0.937303 0.583416 0.088172 0.112497
0 0.996776 0.624463 0.006447 0.112497
0 0.981574 0.788647 0.036851 0.082094
0 0.876495 0.838030 0.094254 0.062282
0 0.363170 0.282041 0.074979 0.069541
0 0.872697 0.130181 0.083622 0.079016
0 0.812645 0.197275 0.082095 0.097294
0 0.890576 0.204230 0.073771 0.074264
0 0.902335 0.274687 0.079054 0.087931
0 0.969411 0.321175 0.061178 0.068409
0 0.977012 0.239081 0.045976 0.083613
0 0.215191 0.582704 0.054727 0.059191
0 0.276897 0.318369 0.062275 0.052934