0 0.696364 0.808550 0.087307 0.076881
0 0.581040 0.770109 0.091213 0.088609
0 0.638361 0.631534 0.085972 0.086903
0 0.587435 0.512953 0.081606 0.090674
0 0.637950 0.212400 0.073827 0.075578
0 0.671096 0.080424 0.085715 0.085266
0 0.740285 0.108365 0.081606 0.078606
0 0.290155 0.562176 0.101036 0.111399
0 0.038212 0.521460 0.076424 0.109930
0 0.747409 0.599093 0.082902 0.089378
0 0.723472 0.457254 0.076372 0.069948
0 0.758122 0.379191 0.073239 0.072972
0 0.787136 0.325777 0.073397 0.071244
0 0.729973 0.737162 0.073733 0.085261
0 0.634067 0.854275 0.068653 0.079016
0 0.705311 0.859456 0.068653 0.050518