0 0.814882 0.824753 0.050624 0.058834
0 0.764259 0.802863 0.069781 0.083462
0 0.721160 0.825438 0.065673 0.073884
0 0.564499 0.621575 0.075252 0.076619
0 0.467407 0.867853 0.066938 0.062938
0 0.513876 0.914068 0.069781 0.076010
0 0.537131 0.978627 0.061570 0.042746
0 0.678756 0.118932 0.056995 0.075608
0 0.716950 0.182378 0.068616 0.068409
0 0.779990 0.152959 0.073884 0.069778
0 0.784097 0.215686 0.068408 0.055675
0 0.632908 0.251071 0.056095 0.047082
0 0.435225 0.234458 0.049206 0.051818
0 0.474193 0.414975 0.058835 0.057466
0 0.459144 0.512116 0.047888 0.038309
0 0.772465 0.572509 0.053359 0.054344
0 0.256214 0.648964 0.049748 0.044041
0 0.209447 0.638678 0.051991 0.058834
0 0.264174 0.424550 0.062938 0.057466
0 0.211496 0.413606 0.042413 0.051991
0 0.181398 0.468687 0.053359 0.044490
0 0.236811 0.481331 0.049256 0.061569