0 0.979866 0.805131 0.040268 0.087853
0 0.959704 0.842575 0.080592 0.093616
0 0.921623 0.579663 0.076443 0.102332
0 0.794106 0.588378 0.089295 0.080653
0 0.864681 0.632303 0.083533 0.079213
0 0.785467 0.643106 0.072013 0.066250
0 0.876920 0.849340 0.087852 0.074327
0 0.790803 0.888601 0.071244 0.059585
0 0.654407 0.806509 0.072016 0.079339
0 0.598238 0.783031 0.077771 0.073834
0 0.578075 0.767684 0.000000 0.001441
0 0.031237 0.666451 0.062473 0.097150
0 0.032676 0.764803 0.065352 0.099375
0 0.085515 0.833216 0.063370 0.074891
0 0.196416 0.793609 0.103696 0.090734
0 0.115760 0.668309 0.086414 0.099375
0 0.216897 0.576134 0.094417 0.090734
0 0.284898 0.661216 0.067510 0.050625
0 0.017487 0.522277 0.034974 0.069435