0 0.955598 0.549566 0.071449 0.086653
0 0.887185 0.548047 0.068409 0.065369
0 0.826376 0.591372 0.071449 0.076013
0 0.858298 0.624056 0.077531 0.071450
0 0.932793 0.625578 0.068409 0.077531
0 0.729838 0.579972 0.072972 0.074491
0 0.815735 0.807247 0.071449 0.091216
0 0.853739 0.724394 0.071449 0.080572
0 0.780767 0.903781 0.065372 0.074491
0 0.665232 0.373978 0.059291 0.079053
0 0.714638 0.405903 0.051686 0.082094
0 0.773824 0.244005 0.081885 0.089710
0 0.711898 0.278683 0.066284 0.078092
0 0.568694 0.104137 0.076013 0.080572
0 0.494965 0.129981 0.077531 0.077531
0 0.561855 0.176347 0.077531 0.069931
0 0.494965 0.016722 0.077531 0.033444
0 0.567937 0.018244 0.059291 0.036484
0 0.421231 0.028125 0.060809 0.056250
0 0.171642 0.018782 0.058310 0.037564
0 0.226642 0.032684 0.063849 0.056250
0 0.292014 0.057769 0.045609 0.051687
0 0.167729 0.080472 0.047894 0.051491
0 0.241085 0.506238 0.062331 0.072972
0 0.562612 0.456072 0.063849 0.057769
0 0.597580 0.383100 0.079054 0.082094
0 0.385496 0.265544 0.068387 0.075130
0 0.583137 0.506238 0.077531 0.048647
0 0.516247 0.468994 0.059291 0.062331
0 0.425795 0.470513 0.060809 0.068409
0 0.451636 0.541203 0.072972 0.051687
0 0.459997 0.627859 0.065372 0.072972
0 0.393868 0.639259 0.063849 0.095775
0 0.452397 0.758600 0.059291 0.094256
0 0.511688 0.791284 0.065372 0.053209
0 0.634066 0.774211 0.079054 0.070750
0 0.433896 0.901636 0.064851 0.072703
0 0.465317 0.976595 0.054727 0.046810
0 0.033509 0.817128 0.067018 0.080572
0 0.133470 0.473664 0.056895 0.074272
0 0.053334 0.474316 0.063849 0.066891
0 0.144547 0.606575 0.054727 0.063850
0 0.067219 0.573824 0.052091 0.062197