0 0.772189 0.680975 0.049256 0.069204
0 0.718825 0.738150 0.057467 0.039678
0 0.664784 0.706681 0.067041 0.064306
0 0.886432 0.699156 0.001368 0.000000
0 0.779713 0.352856 0.061570 0.063225
0 0.714722 0.175816 0.049256 0.075253
0 0.651098 0.155975 0.069781 0.079356
0 0.824180 0.305797 0.051991 0.047888
0 0.630578 0.528039 0.069781 0.076803
0 0.579369 0.720366 0.065475 0.086197
0 0.580635 0.606119 0.054727 0.079356
0 0.625788 0.347504 0.082095 0.084784
0 0.497178 0.298265 0.076619 0.084817
0 0.429451 0.152556 0.069781 0.067044
0 0.400715 0.035575 0.075252 0.065675
0 0.352145 0.024628 0.073884 0.049256
0 0.361037 0.129297 0.067041 0.077987
0 0.357621 0.192234 0.062938 0.056097
0 0.287153 0.183341 0.080723 0.071147
0 0.432335 0.266119 0.066743 0.061569
0 0.417147 0.331106 0.075226 0.065675
0 0.443132 0.391309 0.064305 0.060200
0 0.447235 0.710787 0.042413 0.050625
0 0.410980 0.727853 0.049256 0.054656
0 0.434656 0.802485 0.055559 0.050567
0 0.375405 0.656744 0.051991 0.043784
0 0.072345 0.038994 0.050624 0.056097
0 0.795337 0.928109 0.069948 0.081606
0 0.726036 0.681347 0.060881 0.080311