0 0.848824 0.965776 0.071449 0.068448
0 0.780411 0.935350 0.059291 0.059291
0 0.271895 0.940672 0.069931 0.072972
0 0.206522 0.918628 0.063849 0.065369
0 0.048853 0.838731 0.052553 0.042746
0 0.913981 0.638144 0.074927 0.088175
0 0.877711 0.537809 0.080572 0.082094
0 0.816141 0.502084 0.076013 0.068409
0 0.425439 0.357659 0.082095 0.062331
0 0.462832 0.226897 0.071750 0.077575
0 0.420119 0.732400 0.077531 0.066891
0 0.361040 0.723456 0.058867 0.063493
0 0.791813 0.826653 0.079054 0.072972
0 0.672476 0.825894 0.080572 0.065369
0 0.587140 0.897581 0.058881 0.059761
0 0.301862 0.213558 0.056898 0.059931
0 0.276454 0.175994 0.076013 0.066891
0 0.328144 0.035548 0.079054 0.071095
0 0.025730 0.026427 0.051460 0.052854
0 0.209563 0.280888 0.060809 0.072972
0 0.282536 0.286969 0.048650 0.063850
0 0.136591 0.220841 0.060809 0.065369
0 0.090226 0.212478 0.056250 0.057769
0 0.044617 0.233000 0.056250 0.056250
0 0.035612 0.308253 0.071224 0.063850
0 0.931526 0.668153 0.085112 0.055009
0 0.251295 0.032383 0.088083 0.062176
0 0.840026 0.635363 0.073834 0.079016