0 0.861932 0.885546 0.061246 0.074201
0 0.565484 0.977612 0.078184 0.044776
0 0.652083 0.935575 0.058528 0.080994
0 0.483394 0.893973 0.078184 0.062557
0 0.153717 0.912845 0.080788 0.084757
0 0.097035 0.976308 0.082095 0.047384
0 0.039070 0.697216 0.078140 0.109456
0 0.221587 0.447716 0.064936 0.071597
0 0.280058 0.430838 0.070479 0.079293
0 0.336358 0.385784 0.073398 0.078184
0 0.354563 0.427558 0.062894 0.057188
0 0.489908 0.028055 0.080788 0.056110
0 0.517487 0.071383 0.068653 0.074850
0 0.722798 0.084197 0.069948 0.064767
0 0.781143 0.103022 0.066458 0.083397
0 0.713125 0.148043 0.071159 0.069199
0 0.789131 0.238972 0.069406 0.079051
0 0.860590 0.213083 0.066384 0.076425
0 0.582563 0.217537 0.068035 0.077880
0 0.493165 0.212478 0.066458 0.072972
0 0.338751 0.218994 0.059939 0.070366
0 0.278812 0.282844 0.067760 0.078184
0 0.225387 0.046632 0.070364 0.059585
0 0.508420 0.281088 0.071244 0.062176
0 0.565415 0.276554 0.063472 0.055699