0 0.595426 0.831041 0.058299 0.063056
0 0.689417 0.673994 0.055921 0.063056
0 0.710835 0.713256 0.036881 0.039263
0 0.532968 0.839966 0.057110 0.071384
0 0.308698 0.978874 0.072573 0.042252
0 0.209951 0.977090 0.074956 0.045820
0 0.492515 0.847103 0.069005 0.066625
0 0.447898 0.171325 0.053538 0.057109
0 0.315838 0.071981 0.051160 0.067816
0 0.362236 0.139797 0.063055 0.058297
0 0.372679 0.170134 0.058830 0.049969
0 0.415778 0.204637 0.060677 0.045209
0 0.366997 0.345028 0.032125 0.059488
0 0.320594 0.352166 0.055921 0.059487
0 0.292041 0.339675 0.036881 0.048781
0 0.258728 0.302197 0.063055 0.061866
0 0.209951 0.263531 0.058299 0.063056
0 0.214708 0.317663 0.046398 0.035694
0 0.150463 0.459244 0.060677 0.066625
0 0.179613 0.481253 0.047592 0.070194
0 0.089786 0.345028 0.072573 0.099941
0 0.007117 0.465194 0.014234 0.076144
0 0.133210 0.603203 0.052349 0.073766
0 0.248021 0.492556 0.058299 0.080903
0 0.021396 0.842344 0.042791 0.073766