0 0.029847 0.353781 0.057335 0.076881
0 0.074803 0.474093 0.061246 0.056995
0 0.485268 0.907581 0.089911 0.100334
0 0.917799 0.547794 0.055742 0.069931
0 0.873206 0.514347 0.065875 0.059797
0 0.827094 0.540191 0.056757 0.068919
0 0.817971 0.705897 0.052701 0.049663
0 0.699395 0.791031 0.060809 0.067903
0 0.823038 0.845253 0.050675 0.060809
0 0.787059 0.886806 0.053716 0.062838
0 0.716621 0.917716 0.062834 0.078037
0 0.763245 0.962309 0.062834 0.053716
0 0.954793 0.188584 0.062834 0.087013
0 0.965544 0.030440 0.055958 0.060880
0 0.702651 0.144134 0.071382 0.051111
0 0.493653 0.191044 0.050675 0.053716
0 0.447033 0.222462 0.046619 0.035472
0 0.725236 0.671944 0.078039 0.060809