0 0.387007 0.569925 0.138533 0.116297
0 0.354383 0.646650 0.128021 0.095301
0 0.263012 0.616956 0.109458 0.131691
0 0.350591 0.428828 0.105328 0.111169
0 0.122297 0.575777 0.076200 0.073834
0 0.477681 0.252106 0.141891 0.125975
0 0.515275 0.365547 0.121429 0.097484
0 0.519552 0.420275 0.123140 0.094066
0 0.584259 0.510882 0.129409 0.097407
0 0.464825 0.479281 0.133400 0.102616
0 0.741886 0.331341 0.112880 0.104325
0 0.845356 0.277469 0.121429 0.119719
0 0.719187 0.222741 0.127493 0.116297
0 0.701696 0.097891 0.145371 0.133400
0 0.618746 0.103875 0.088933 0.114588
0 0.444300 0.841000 0.075252 0.063281
0 0.592238 0.895731 0.066702 0.063281
0 0.249582 0.732051 0.055240 0.054033
0 0.028891 0.509854 0.057782 0.058568
0 0.157887 0.336788 0.070236 0.064767
0 0.378238 0.308938 0.075130 0.068653
0 0.564767 0.606218 0.098446 0.088083
0 0.471503 0.595855 0.093264 0.119171
0 0.443653 0.687824 0.068653 0.069948
0 0.306995 0.718912 0.059585 0.056995
0 0.973446 0.444948 0.053108 0.120466
0 0.978627 0.224093 0.042746 0.075130
0 0.940415 0.271373 0.072539 0.115285
0 0.159326 0.862047 0.056995 0.050518
0 0.326425 0.792098 0.041451 0.040155
0 0.179404 0.617876 0.060881 0.049223
0 0.051166 0.560233 0.068653 0.068653