0 0.581000 0.978538 0.070570 0.042924
0 0.650851 0.813053 0.083533 0.097934
0 0.689119 0.843579 0.069948 0.062805
0 0.617093 0.847014 0.076155 0.065040
0 0.677461 0.903066 0.041451 0.070572
0 0.434816 0.983579 0.077771 0.032842
0 0.252629 0.841137 0.079214 0.084972
0 0.200779 0.805131 0.082095 0.087853
0 0.165496 0.842575 0.092176 0.093616
0 0.236615 0.445794 0.075992 0.083534
0 0.157572 0.471478 0.076333 0.072490
0 0.019377 0.588378 0.038754 0.080653
0 0.064681 0.632303 0.083533 0.079213
0 0.010737 0.643106 0.021474 0.066250
0 0.076920 0.842863 0.087852 0.087280
0 0.648964 0.917746 0.044041 0.066062