0 0.401468 0.902666 0.066890 0.085134
0 0.496027 0.882311 0.072366 0.083275
0 0.067358 0.974897 0.067358 0.050206
0 0.010705 0.850219 0.021409 0.092734
0 0.248705 0.225528 0.095855 0.092986
0 0.222083 0.594754 0.085131 0.080701
0 0.246771 0.672803 0.091949 0.073585
0 0.377948 0.253399 0.047213 0.060560
0 0.054096 0.122784 0.056250 0.060809
0 0.109313 0.821891 0.066348 0.066062
0 0.273316 0.014249 0.049223 0.028497
0 0.406736 0.278497 0.051813 0.054404
0 0.023316 0.154145 0.046632 0.056995
0 0.619171 0.944948 0.067358 0.079016
0 0.314767 0.965026 0.069948 0.062176