0 0.435259 0.711680 0.075181 0.091755
0 0.688880 0.658181 0.080652 0.109456
0 0.764494 0.662440 0.070570 0.086538
0 0.713367 0.829638 0.080652 0.089429
0 0.682399 0.987516 0.073452 0.024968
0 0.608228 0.975273 0.069132 0.049453
0 0.492289 0.856934 0.047526 0.066250
0 0.541977 0.876378 0.054727 0.056169
0 0.924408 0.415155 0.056069 0.058290
0 0.840107 0.432202 0.051850 0.057876
0 0.849162 0.484970 0.055563 0.048195
0 0.942117 0.338453 0.055218 0.066250
0 0.848027 0.338453 0.059051 0.072013
0 0.894834 0.301006 0.060489 0.054728
0 0.894834 0.209837 0.057608 0.033695
0 0.820596 0.829016 0.055699 0.064767