0 0.022107 0.046487 0.044214 0.056487
0 0.250964 0.604294 0.072972 0.062331
0 0.227403 0.542725 0.059291 0.054728
0 0.302655 0.541966 0.069931 0.077531
0 0.331537 0.423387 0.057768 0.053209
0 0.344462 0.472794 0.062331 0.051687
0 0.412109 0.268379 0.039527 0.065255
0 0.272251 0.320009 0.069931 0.062331
0 0.240324 0.256919 0.076013 0.066891
0 0.342939 0.323809 0.059291 0.066891
0 0.210681 0.321531 0.050168 0.056250
0 0.149872 0.325331 0.059291 0.060809
0 0.173433 0.251600 0.036486 0.044088
0 0.168113 0.683146 0.059291 0.065774
0 0.168874 0.457591 0.057768 0.072972
0 0.101222 0.424906 0.053209 0.065369
0 0.100408 0.483434 0.060920 0.036484
0 0.186570 0.590062 0.055009 0.055009
0 0.270725 0.663860 0.054404 0.060881