0 0.304104 0.673834 0.065367 0.067876
0 0.032410 0.595578 0.064820 0.071147
0 0.096291 0.608575 0.062938 0.069778
0 0.112708 0.499803 0.082095 0.090303
0 0.640838 0.693406 0.076619 0.067044
0 0.617087 0.651048 0.050237 0.055982
0 0.714036 0.616100 0.072516 0.082094
0 0.882832 0.578056 0.068773 0.070620
0 0.937055 0.612681 0.083463 0.097144
0 0.751664 0.390347 0.093036 0.084828
0 0.685304 0.373057 0.072516 0.080311
0 0.562165 0.362981 0.075252 0.071147
0 0.472550 0.282941 0.079355 0.075253
0 0.672213 0.036116 0.054539 0.049529
0 0.612107 0.031736 0.051991 0.063472
0 0.959845 0.103380 0.080310 0.093758
0 0.764896 0.190415 0.081606 0.085492
0 0.466321 0.009715 0.056995 0.019430
0 0.730570 0.472798 0.044041 0.075130
0 0.582902 0.636658 0.033679 0.058290
0 0.508420 0.967617 0.099741 0.064766