0 0.430405 0.831056 0.097934 0.102256
0 0.321670 0.738881 0.102258 0.090734
0 0.325990 0.597019 0.084971 0.086413
0 0.249657 0.571094 0.084971 0.092175
0 0.119316 0.681272 0.089295 0.061928
0 0.033734 0.604219 0.067468 0.066250
0 0.074671 0.656787 0.057608 0.076331
0 0.095553 0.791450 0.076333 0.063369
0 0.148823 0.794466 0.041732 0.040601
0 0.641397 0.842575 0.070570 0.082094
0 0.603952 0.896584 0.096496 0.083534
0 0.670495 0.680816 0.101675 0.103169
0 0.539863 0.497644 0.086414 0.077772
0 0.455611 0.450834 0.073452 0.073450
0 0.480093 0.512044 0.061932 0.074891
0 0.521862 0.543009 0.070571 0.076331
0 0.318789 0.293075 0.076333 0.075003
0 0.272729 0.320606 0.076281 0.083753
0 0.232375 0.187275 0.102258 0.096494
0 0.166124 0.200238 0.082095 0.093616
0 0.096996 0.180794 0.090734 0.089294
0 0.025093 0.227600 0.050186 0.090734
0 0.358614 0.020545 0.077331 0.041090
0 0.546622 0.214500 0.094179 0.090456
0 0.439767 0.304878 0.073452 0.084072
0 0.768861 0.684153 0.083533 0.096494
0 0.824307 0.656069 0.076333 0.103697
0 0.821426 0.764803 0.087852 0.099375
0 0.890646 0.833766 0.073631 0.075991
0 0.915760 0.668309 0.086414 0.099375
0 0.804144 0.522125 0.079214 0.069131
0 0.821891 0.328368 0.037565 0.058290
0 0.650797 0.033335 0.080958 0.066670
0 0.643135 0.454016 0.091969 0.084197
0 0.975389 0.811528 0.049222 0.079016