0 0.026000 0.827522 0.052000 0.112062
0 0.202738 0.720019 0.084232 0.102941
0 0.276776 0.760416 0.076883 0.092519
0 0.059819 0.905706 0.065151 0.049516
0 0.485268 0.107581 0.089911 0.100334
0 0.620134 0.324541 0.099034 0.125094
0 0.400569 0.840553 0.095123 0.106850
0 0.354960 0.929163 0.084699 0.080791
0 0.592470 0.978190 0.090202 0.043620
0 0.569158 0.868713 0.086146 0.084119
0 0.612741 0.748616 0.090202 0.097294
0 0.699395 0.012491 0.060809 0.024982
0 0.823038 0.045253 0.050675 0.060809
0 0.787059 0.086806 0.053716 0.062838
0 0.716621 0.117716 0.062834 0.078037
0 0.763245 0.162309 0.062834 0.053716
0 0.973343 0.246431 0.053314 0.069931
0 0.494819 0.529793 0.056995 0.046632
0 0.917098 0.978627 0.116580 0.042746