0 0.928173 0.696525 0.062689 0.079628
0 0.862942 0.171476 0.047437 0.065751
0 0.806190 0.169733 0.052522 0.072626
0 0.743501 0.205408 0.062689 0.079209
0 0.832124 0.290155 0.063731 0.059585
0 0.896249 0.431409 0.059833 0.054280
0 0.818048 0.389869 0.052522 0.059297
0 0.832273 0.451439 0.050480 0.040128
0 0.185881 0.014249 0.068653 0.028497
0 0.227641 0.279145 0.057670 0.079016
0 0.179608 0.299223 0.073426 0.085492
0 0.109861 0.275509 0.093182 0.091488
0 0.015540 0.025087 0.031080 0.050174
0 0.472424 0.788859 0.049134 0.054216
0 0.921632 0.220855 0.040155 0.037565