0 0.093256 0.515816 0.059602 0.062937
0 0.080245 0.672280 0.059455 0.085492
0 0.149650 0.668372 0.062938 0.077987
0 0.286472 0.427566 0.076619 0.077987
0 0.028564 0.892075 0.047888 0.057466
0 0.109973 0.827769 0.057467 0.054728
0 0.115444 0.774409 0.054727 0.060200
0 0.119547 0.871553 0.054727 0.038309
0 0.074398 0.880447 0.054727 0.045150
0 0.100394 0.922175 0.041045 0.038309
0 0.082609 0.957750 0.046521 0.046519
0 0.037457 0.974086 0.065673 0.051828
0 0.190695 0.820928 0.068408 0.079356
0 0.246794 0.809981 0.065673 0.076619
0 0.327517 0.877709 0.073884 0.080725
0 0.265947 0.861291 0.057467 0.056097
0 0.353513 0.723100 0.073884 0.083462
0 0.431187 0.733209 0.079990 0.100940
0 0.503335 0.907303 0.067041 0.076265
0 0.591969 0.372196 0.041451 0.079442
0 0.789287 0.211870 0.080723 0.068817
0 0.855742 0.204026 0.063128 0.079036
0 0.836494 0.293481 0.071149 0.075253
0 0.897565 0.305095 0.070155 0.073920
0 0.972291 0.348443 0.055418 0.064771