0 0.143490 0.987898 0.053819 0.024203
0 0.043659 0.980698 0.077771 0.038603
0 0.319465 0.838256 0.067689 0.064809
0 0.351516 0.939767 0.048263 0.042746
0 0.292101 0.937631 0.084971 0.059050
0 0.254789 0.905947 0.084707 0.059050
0 0.248170 0.853378 0.074890 0.074891
0 0.242405 0.551934 0.080664 0.082660
0 0.636654 0.661714 0.071252 0.083307
0 0.841988 0.722285 0.085530 0.092239
0 0.618136 0.869222 0.066129 0.061569
0 0.650632 0.841856 0.042187 0.072972
0 0.889538 0.236885 0.052530 0.062499
0 0.840469 0.216469 0.070693 0.062709
0 0.793723 0.192525 0.054727 0.055869
0 0.754389 0.102601 0.058148 0.060125
0 0.790803 0.136459 0.058290 0.050916
0 0.863842 0.150337 0.064992 0.062709
0 0.917432 0.137225 0.044467 0.045606
0 0.927123 0.175274 0.052447 0.051007
0 0.971389 0.174870 0.052041 0.064767
0 0.281736 0.818653 0.058290 0.054404
0 0.963731 0.009715 0.054404 0.019430
0 0.731218 0.845855 0.055699 0.072539