0 0.022004 0.792509 0.044008 0.085017
0 0.155079 0.673725 0.092542 0.098146
0 0.025423 0.846988 0.050846 0.078672
0 0.087617 0.823900 0.070119 0.100906
0 0.197931 0.776866 0.088933 0.078672
0 0.236296 0.690415 0.086994 0.101036
0 0.281737 0.583606 0.099193 0.092353
0 0.842072 0.877570 0.067152 0.089338
0 0.770413 0.881477 0.069323 0.076425
0 0.852850 0.773386 0.081865 0.085632
0 0.871945 0.909973 0.072172 0.071246
0 0.719283 0.396567 0.105476 0.087694
0 0.630890 0.254534 0.108931 0.097150
0 0.545647 0.277938 0.091295 0.105099
0 0.739230 0.624301 0.063281 0.082798
0 0.820436 0.668394 0.092289 0.075130
0 0.441645 0.610518 0.094066 0.096683
0 0.010363 0.610104 0.020725 0.080311
0 0.908679 0.776554 0.063472 0.079016