0 0.822145 0.640181 0.086414 0.082094
0 0.897759 0.666825 0.082095 0.069131
0 0.973003 0.606334 0.053994 0.054728
0 0.980570 0.686459 0.038860 0.062315
0 0.466639 0.666451 0.092628 0.084197
0 0.359834 0.656744 0.077771 0.089294
0 0.382560 0.557531 0.074258 0.063695
0 0.328871 0.796337 0.087852 0.095266
0 0.511417 0.625000 0.075611 0.076425
0 0.596791 0.485104 0.096574 0.091969
0 0.719560 0.723457 0.073834 0.081583
0 0.740774 0.612194 0.073452 0.094855
0 0.855994 0.439269 0.073452 0.077772
0 0.753886 0.239012 0.085492 0.089423
0 0.750136 0.089784 0.089295 0.094076
0 0.586140 0.023316 0.066062 0.044041
0 0.966321 0.463083 0.067358 0.071244
0 0.858161 0.506477 0.071244 0.059585
0 0.318653 0.637953 0.062176 0.055699
0 0.535622 0.568653 0.063472 0.064767