0 0.332645 0.969438 0.057218 0.061123
0 0.368092 0.970682 0.068408 0.058636
0 0.380533 0.929547 0.073386 0.060947
0 0.310879 0.972548 0.073386 0.054904
0 0.037236 0.972459 0.060950 0.052241
0 0.166594 0.835016 0.068408 0.073388
0 0.253041 0.834394 0.057218 0.064678
0 0.280404 0.862378 0.052240 0.068409
0 0.198934 0.882281 0.050995 0.063434
0 0.642981 0.975656 0.080849 0.048687
0 0.600690 0.922706 0.060950 0.064678
0 0.506780 0.851806 0.057218 0.082094
0 0.447701 0.854294 0.060950 0.064678
0 0.470087 0.907156 0.048509 0.041047
0 0.603797 0.785884 0.072140 0.077119
0 0.730048 0.762250 0.068408 0.087069
0 0.173501 0.620541 0.062324 0.054553
0 0.121192 0.687622 0.047268 0.047266
0 0.164728 0.695084 0.052240 0.059703
0 0.205153 0.686378 0.060950 0.067166
0 0.250550 0.695706 0.072140 0.070897
0 0.155398 0.727425 0.041045 0.034828
0 0.343840 0.632272 0.064681 0.073387
0 0.305622 0.466811 0.049068 0.053425
0 0.634715 0.444453 0.064767 0.070897
0 0.746217 0.351166 0.053486 0.085825
0 0.796591 0.354897 0.059704 0.085825
0 0.674697 0.164508 0.064681 0.069948
0 0.718853 0.023524 0.053486 0.047048
0 0.696499 0.027664 0.048439 0.048299
0 0.778557 0.037719 0.058459 0.065922
0 0.779178 0.177028 0.059704 0.073387
0 0.924137 0.164882 0.061052 0.064019
0 0.955513 0.703791 0.088973 0.074631
0 0.891122 0.891609 0.082095 0.074631
0 0.831418 0.914622 0.052240 0.068409
0 0.741864 0.606772 0.074631 0.077119
0 0.554668 0.647819 0.063436 0.074631
0 0.614992 0.652794 0.064681 0.082094
0 0.327720 0.511658 0.041451 0.051813