0 0.895855 0.967617 0.071502 0.064766
0 0.827907 0.968794 0.063370 0.062412
0 0.865933 0.403497 0.050518 0.055699
0 0.897759 0.269512 0.050408 0.046468
0 0.959256 0.303204 0.032266 0.036079
0 0.885515 0.516322 0.048969 0.056169
0 0.848789 0.491580 0.044645 0.055699
0 0.726879 0.429969 0.051424 0.064932
0 0.489455 0.239797 0.063370 0.064809
0 0.598190 0.445750 0.082095 0.073450
0 0.428966 0.471599 0.066251 0.064959
0 0.647878 0.493278 0.077771 0.076331
0 0.651479 0.575369 0.073452 0.070572
0 0.768489 0.550518 0.051106 0.064767
0 0.740430 0.605570 0.048218 0.058290
0 0.832227 0.631537 0.034564 0.044647
0 0.765980 0.808687 0.069132 0.076331
0 0.697312 0.826281 0.068199 0.067070
0 0.505299 0.755351 0.063370 0.061837
0 0.688928 0.983915 0.056170 0.032170
0 0.623396 0.988236 0.063370 0.023528
0 0.460649 0.977332 0.072013 0.045336