0 0.492144 0.955133 0.118008 0.089734
0 0.262112 0.959409 0.140243 0.081181
0 0.328778 0.663212 0.119646 0.101036
0 0.569106 0.508353 0.001711 0.000000
0 0.973964 0.681189 0.052071 0.075446
0 0.963083 0.545337 0.073834 0.077720
0 0.681982 0.085919 0.080384 0.109456
0 0.752304 0.017487 0.070521 0.034974
0 0.740985 0.059409 0.088933 0.087225
0 0.970207 0.161123 0.059585 0.092262
0 0.587060 0.070525 0.085512 0.088934
0 0.562263 0.970526 0.059859 0.058948
0 0.726235 0.541560 0.127841 0.080092
0 0.779793 0.693653 0.062176 0.068653