0 0.596275 0.621547 0.099640 0.102256
0 0.526954 0.514250 0.098009 0.095056
0 0.215354 0.471763 0.091340 0.110897
0 0.296311 0.645044 0.066430 0.064353
0 0.465779 0.409326 0.087852 0.080311
0 0.226338 0.659337 0.075599 0.048219
0 0.138852 0.720294 0.084971 0.094453
0 0.082682 0.836859 0.102258 0.089294
0 0.016497 0.893028 0.032994 0.072013
0 0.031088 0.642544 0.062176 0.080425
0 0.050264 0.523262 0.072031 0.082793
0 0.147490 0.550256 0.079214 0.095056
0 0.371318 0.136641 0.060748 0.066794
0 0.517597 0.245141 0.061866 0.065828