0 0.043394 0.555052 0.073834 0.079016
0 0.207385 0.443585 0.099194 0.104786
0 0.686216 0.878238 0.071915 0.077720
0 0.745827 0.801813 0.057568 0.072539
0 0.742228 0.857513 0.075130 0.067358
0 0.910303 0.778172 0.092355 0.085512
0 0.972150 0.960492 0.055699 0.079016
0 0.869453 0.426813 0.078284 0.089378
0 0.942284 0.220396 0.076277 0.096233
0 0.976529 0.137953 0.046941 0.091969
0 0.689767 0.266192 0.076425 0.073834
0 0.435702 0.571228 0.094066 0.106038
0 0.343351 0.770475 0.100904 0.090644
0 0.587060 0.870525 0.085512 0.088934
0 0.026554 0.231112 0.053108 0.068864
0 0.884650 0.022234 0.064992 0.044466
0 0.960492 0.014896 0.073834 0.029792