0 0.985877 0.194444 0.028246 0.065922
0 0.930711 0.165834 0.059704 0.065922
0 0.992719 0.287109 0.014562 0.062191
0 0.951857 0.284619 0.064681 0.059703
0 0.975926 0.327531 0.048148 0.031097
0 0.980903 0.441344 0.038193 0.054728
0 0.869141 0.311363 0.055972 0.060947
0 0.889041 0.254769 0.058459 0.049753
0 0.930711 0.631028 0.062190 0.055972
0 0.979659 0.753544 0.040682 0.064678
0 0.926980 0.788372 0.054727 0.052241
0 0.883444 0.729291 0.069654 0.070897
0 0.866650 0.801431 0.060950 0.060947
0 0.771499 0.634759 0.067168 0.055972
0 0.783315 0.684513 0.058459 0.043534
0 0.764035 0.379150 0.054727 0.049753
0 0.777097 0.410247 0.033581 0.052241
0 0.722370 0.416157 0.058459 0.064060
0 0.661420 0.409625 0.055972 0.070897
0 0.731342 0.253525 0.042995 0.067166
0 0.438151 0.967573 0.062190 0.064854
0 0.542632 0.623566 0.084581 0.058459
0 0.562537 0.305144 0.059704 0.065922
0 0.477335 0.289597 0.048509 0.049753
0 0.514649 0.331884 0.058459 0.064678
0 0.497235 0.369822 0.053486 0.038559
0 0.459922 0.327531 0.060950 0.058459
0 0.466140 0.654659 0.048509 0.070897
0 0.418252 0.642844 0.039804 0.059703
0 0.475469 0.486122 0.054727 0.064678
0 0.378447 0.494828 0.062190 0.057216
0 0.087390 0.598687 0.054727 0.063434
0 0.032043 0.586250 0.058459 0.055972
0 0.223592 0.467463 0.063436 0.057216
0 0.155183 0.527791 0.055972 0.055972
0 0.116624 0.525300 0.041045 0.041047
0 0.464274 0.858647 0.057218 0.050997