0 0.983094 0.459922 0.033812 0.085134
0 0.934262 0.357654 0.072972 0.090392
0 0.810219 0.259250 0.089406 0.094256
0 0.389255 0.496406 0.095777 0.109456
0 0.343651 0.752569 0.092736 0.086653
0 0.212176 0.755190 0.066838 0.101018
0 0.284361 0.778413 0.071449 0.101856
0 0.504795 0.455362 0.101854 0.097294
0 0.475909 0.534412 0.065372 0.066891
0 0.360374 0.064659 0.077531 0.079053
0 0.925901 0.033090 0.077531 0.066180
0 0.875648 0.359456 0.051813 0.071244
0 0.750648 0.341321 0.076425 0.068653
0 0.932642 0.458549 0.056995 0.056995
0 0.185233 0.856865 0.093264 0.076425