0 0.982027 0.963600 0.035946 0.066250
0 0.990669 0.870706 0.018662 0.076331
0 0.947490 0.883669 0.073452 0.073450
0 0.905726 0.932634 0.064808 0.070572
0 0.825793 0.937675 0.083533 0.069131
0 0.767462 0.979640 0.059051 0.040720
0 0.708415 0.923275 0.076333 0.057609
0 0.668089 0.851984 0.070570 0.061928
0 0.529106 0.916072 0.060489 0.077772
0 0.567274 0.836859 0.084971 0.077772
0 0.452054 0.925434 0.067689 0.073450
0 0.447735 0.724522 0.076333 0.083534
0 0.521905 0.740366 0.072013 0.077772
0 0.559350 0.643872 0.086414 0.072013
0 0.650084 0.694997 0.066251 0.079212
0 0.908607 0.689119 0.061932 0.064767
0 0.683929 0.779250 0.064808 0.051847
0 0.225937 0.767731 0.001438 0.000000
0 0.980587 0.119628 0.038826 0.051847
0 0.772974 0.330959 0.049907 0.071243
0 0.727136 0.375000 0.053289 0.053109
0 0.574475 0.479684 0.059051 0.074891
0 0.533425 0.499847 0.051850 0.077772
0 0.483741 0.436478 0.082095 0.080653
0 0.148885 0.681316 0.051850 0.066250
0 0.016834 0.751888 0.033667 0.060491
0 0.024035 0.695719 0.048070 0.060491
0 0.115760 0.516997 0.069132 0.078036
0 0.224286 0.287620 0.064382 0.085383
0 0.205055 0.501288 0.037445 0.063369
0 0.397327 0.248528 0.073452 0.102256
0 0.623439 0.203881 0.070570 0.067691
0 0.506781 0.193800 0.079214 0.082094
0 0.570151 0.239169 0.053289 0.069131
0 0.462135 0.317659 0.070570 0.067691
0 0.870807 0.044828 0.038178 0.043025
0 0.837313 0.144804 0.046088 0.044589
0 0.774667 0.142672 0.047526 0.054728
0 0.633521 0.047619 0.047526 0.057609
0 0.520467 0.024528 0.057608 0.049056
0 0.332514 0.020209 0.059051 0.040417
0 0.347888 0.057628 0.058111 0.040184
0 0.679404 0.199482 0.047927 0.051813
0 0.091969 0.680699 0.054404 0.071244