0 0.059772 0.454956 0.057768 0.074491
0 0.014684 0.456475 0.029368 0.077531
0 0.054452 0.329504 0.056250 0.063790
0 0.100056 0.375144 0.071449 0.072972
0 0.164667 0.310534 0.063849 0.071450
0 0.243721 0.299519 0.063849 0.061584
0 0.211032 0.237562 0.065372 0.065369
0 0.233080 0.169912 0.069931 0.072972
0 0.186710 0.167631 0.047127 0.044088
0 0.274125 0.204116 0.060809 0.068409
0 0.942358 0.270773 0.073834 0.098350
0 0.933469 0.336788 0.058647 0.056995
0 0.937176 0.378692 0.055699 0.040543
0 0.946624 0.469723 0.049758 0.055373
0 0.906185 0.465013 0.058484 0.054379
0 0.883420 0.518782 0.059585 0.050518
0 0.812998 0.421934 0.068304 0.061485
0 0.757435 0.418358 0.064094 0.059515
0 0.730956 0.502084 0.056250 0.059291
0 0.829773 0.028707 0.074490 0.057414
0 0.616177 0.086297 0.094254 0.100334
0 0.703102 0.016839 0.070479 0.033678
0 0.532564 0.175231 0.082095 0.086653
0 0.507480 0.087819 0.071449 0.072972
0 0.439828 0.023386 0.076013 0.046772
0 0.081054 0.227681 0.069931 0.085134
0 0.029886 0.211719 0.059772 0.071450
0 0.742876 0.768782 0.037565 0.055699