0 0.268406 0.316056 0.075252 0.057466
0 0.240357 0.363944 0.060202 0.060200
0 0.550256 0.203181 0.064305 0.069778
0 0.510578 0.248331 0.067041 0.072516
0 0.752069 0.231228 0.079355 0.057466
0 0.777379 0.064306 0.064305 0.057466
0 0.698024 0.106037 0.069781 0.077987
0 0.574202 0.420041 0.076619 0.076619
0 0.648086 0.445353 0.065673 0.069778
0 0.595409 0.507606 0.077987 0.071147
0 0.542050 0.476822 0.069781 0.072516
0 0.491426 0.499397 0.058835 0.065675
0 0.480480 0.604750 0.067041 0.062937
0 0.498951 0.641694 0.060202 0.049256
0 0.415488 0.632800 0.068409 0.064306
0 0.736334 0.500766 0.056095 0.057466
0 0.656979 0.495294 0.047888 0.049256
0 0.773962 0.537025 0.060202 0.047888
0 0.794482 0.478875 0.060202 0.057466
0 0.700078 0.838716 0.071149 0.062938
0 0.728809 0.586278 0.068409 0.058834
0 0.692553 0.629378 0.072516 0.049256
0 0.732230 0.667003 0.072516 0.047887
0 0.776011 0.951594 0.061570 0.072516
0 0.708284 0.952959 0.060202 0.086197
0 0.685028 0.883866 0.079355 0.038309
0 0.623705 0.727979 0.042746 0.059585