0 0.920233 0.523747 0.075252 0.067044
0 0.864820 0.547691 0.049256 0.062938
0 0.881237 0.688616 0.054727 0.065675
0 0.602123 0.629784 0.051991 0.057466
0 0.554921 0.694091 0.036942 0.043784
0 0.524817 0.789866 0.056095 0.051991
0 0.549038 0.850469 0.051443 0.055538
0 0.517979 0.155012 0.067041 0.079356
0 0.466669 0.165959 0.051991 0.062938
0 0.448884 0.233684 0.051991 0.050625
0 0.394839 0.016620 0.053359 0.033240
0 0.344215 0.013885 0.053359 0.027770
0 0.122563 0.028250 0.061570 0.056500
0 0.928444 0.038031 0.045153 0.058834
0 0.879188 0.046241 0.050624 0.064306
0 0.599741 0.296632 0.041451 0.046632
0 0.581606 0.364637 0.046632 0.063472