0 0.332838 0.963083 0.085619 0.073834
0 0.094158 0.869222 0.086414 0.077772
0 0.578242 0.962435 0.089630 0.075130
0 0.445596 0.802461 0.098446 0.086788
0 0.419438 0.703368 0.085995 0.103627
0 0.334676 0.621862 0.083533 0.085694
0 0.263387 0.519966 0.105134 0.093616
0 0.184791 0.575130 0.092379 0.098446
0 0.213053 0.635177 0.076485 0.073462
0 0.097759 0.721597 0.076333 0.059050
0 0.020725 0.100141 0.041450 0.072012
0 0.807788 0.065733 0.067689 0.080969
0 0.745422 0.079411 0.068565 0.079519
0 0.652965 0.028466 0.072013 0.056932
0 0.584984 0.021919 0.075468 0.043837
0 0.204707 0.022668 0.056907 0.045336
0 0.173575 0.057531 0.059585 0.055922
0 0.125851 0.204556 0.085112 0.082094
0 0.445136 0.306634 0.094184 0.105495
0 0.466455 0.431394 0.073452 0.072012
0 0.333238 0.449394 0.072013 0.084972
0 0.737694 0.681347 0.091969 0.093264