0 0.148111 0.913709 0.062689 0.055909
0 0.097281 0.924722 0.062689 0.044050
0 0.088811 0.810363 0.062689 0.079628
0 0.027819 0.811209 0.045745 0.071156
0 0.243831 0.865425 0.050826 0.071156
0 0.290422 0.884059 0.062689 0.060991
0 0.301434 0.773087 0.044048 0.059297
0 0.331087 0.736663 0.049134 0.037272
0 0.281107 0.697697 0.037271 0.037272
0 0.331087 0.786644 0.035579 0.035578
0 0.831731 0.650256 0.077935 0.074547
0 0.774974 0.586725 0.066073 0.062687
0 0.832611 0.487275 0.062757 0.077263
0 0.945240 0.291928 0.071158 0.089794
0 0.852058 0.015086 0.064381 0.030172
0 0.899500 0.026945 0.057603 0.053889