0 0.946584 0.680961 0.047247 0.065540
0 0.786627 0.752013 0.061461 0.060741
0 0.819599 0.698022 0.052512 0.065097
0 0.915803 0.518940 0.059585 0.074150
0 0.589241 0.059640 0.046906 0.067249
0 0.477212 0.148434 0.070570 0.063369
0 0.047308 0.020078 0.074890 0.040155
0 0.034974 0.208549 0.069948 0.072539
0 0.221837 0.266818 0.062845 0.072582
0 0.320951 0.574741 0.063370 0.080653
0 0.200292 0.749491 0.055374 0.078738
0 0.068190 0.803734 0.067689 0.069131
0 0.278975 0.421661 0.045678 0.071185
0 0.264896 0.402850 0.045337 0.056995