0 0.042376 0.717997 0.084752 0.100816
0 0.165016 0.014249 0.074113 0.028497
0 0.124844 0.928509 0.000000 0.002281
0 0.666429 0.969385 0.109458 0.061230
0 0.737856 0.923290 0.081283 0.099015
0 0.330959 0.704663 0.076425 0.075130
0 0.231679 0.742228 0.067731 0.041451
0 0.976307 0.640675 0.047385 0.092231
0 0.912136 0.648025 0.080953 0.086653
0 0.818537 0.526597 0.101269 0.094634
0 0.884204 0.743800 0.077531 0.070691
0 0.823617 0.651885 0.070383 0.069286
0 0.779037 0.596705 0.091753 0.063877
0 0.462435 0.384715 0.064767 0.072539
0 0.094059 0.231291 0.061570 0.051309
0 0.040469 0.216469 0.070693 0.062709
0 0.010543 0.192525 0.021086 0.055869
0 0.009405 0.133234 0.018809 0.044466
0 0.063842 0.150337 0.064992 0.062709
0 0.117432 0.137225 0.044467 0.045606
0 0.127123 0.179984 0.052447 0.060428
0 0.172732 0.168012 0.054727 0.061569
0 0.241709 0.149769 0.071830 0.093494
0 0.450934 0.073375 0.059291 0.063850
0 0.580344 0.253525 0.087796 0.077531
0 0.804404 0.964378 0.064767 0.053109
0 0.357513 0.921632 0.054404 0.068653
0 0.405440 0.917098 0.051813 0.054404
0 0.272668 0.738990 0.034974 0.053109