0 0.937717 0.749985 0.124566 0.137336
0 0.809187 0.848381 0.118097 0.086413
0 0.798382 0.914631 0.116659 0.089294
0 0.639729 0.583555 0.108474 0.112682
0 0.695523 0.681566 0.129389 0.111837
0 0.588969 0.636741 0.100538 0.103794
0 0.746114 0.803756 0.090674 0.086788
0 0.078990 0.319100 0.002881 0.001441
0 0.127241 0.602453 0.067689 0.068431
0 0.079016 0.183957 0.080311 0.085454
0 0.900030 0.069222 0.074671 0.077772
0 0.976036 0.385350 0.047927 0.099375
0 0.590078 0.325109 0.069541 0.070075
0 0.464194 0.466003 0.081975 0.079212
0 0.943653 0.399611 0.042746 0.066062
0 0.682642 0.772668 0.072539 0.068653