0 0.169588 0.800103 0.067205 0.083206
0 0.211187 0.839306 0.057603 0.068803
0 0.123983 0.844906 0.068803 0.070403
0 0.233588 0.437678 0.064005 0.078406
0 0.293592 0.448081 0.049604 0.073606
0 0.184787 0.436878 0.049604 0.067203
0 0.353597 0.305672 0.070406 0.076806
0 0.856831 0.274469 0.075205 0.075206
0 0.926433 0.262469 0.067205 0.076806
0 0.964038 0.264069 0.068803 0.073606
0 0.894431 0.188063 0.076803 0.084806
0 0.823226 0.168063 0.075205 0.089606
0 0.670420 0.593691 0.054403 0.060803
0 0.725446 0.589133 0.062061 0.054894