0 0.517979 0.957838 0.067041 0.073706
0 0.466669 0.965959 0.051991 0.062938
0 0.394839 0.803141 0.053359 0.060200
0 0.347364 0.800406 0.047060 0.054728
0 0.437252 0.792197 0.042413 0.046519
0 0.402363 0.738150 0.065673 0.047888
0 0.406471 0.674528 0.065673 0.054728
0 0.377735 0.632800 0.062938 0.042416
0 0.258017 0.659478 0.067041 0.057466
0 0.269650 0.718997 0.054727 0.053359
0 0.266274 0.764831 0.053272 0.041047
0 0.076425 0.783030 0.049223 0.058292
0 0.122563 0.824623 0.061570 0.063754
0 0.510454 0.637710 0.062938 0.068165
0 0.567916 0.590304 0.051991 0.056255
0 0.717864 0.380678 0.059091 0.054101
0 0.790574 0.380362 0.045796 0.054728
0 0.728126 0.437709 0.038566 0.057224
0 0.693792 0.439197 0.060202 0.051991
0 0.959229 0.648182 0.060202 0.055432
0 0.912022 0.677950 0.045153 0.058834
0 0.868189 0.645725 0.034306 0.040155
0 0.928444 0.838031 0.045153 0.058834
0 0.879188 0.845515 0.050624 0.062856
0 0.622808 0.609326 0.052312 0.061142
0 0.470090 0.660162 0.064305 0.075253
0 0.465301 0.738834 0.043780 0.051991
0 0.355570 0.686528 0.045337 0.059585
0 0.371114 0.713731 0.029793 0.041451
0 0.661269 0.971503 0.050518 0.049223
0 0.676166 0.929404 0.031088 0.045337