0 0.325227 0.752232 0.082095 0.089955
0 0.368003 0.765090 0.043787 0.068265
0 0.045594 0.639861 0.091188 0.095784
0 0.451243 0.951313 0.080652 0.083534
0 0.632710 0.779050 0.100815 0.107703
0 0.713367 0.042098 0.080652 0.084196
0 0.682399 0.213197 0.073452 0.076331
0 0.608228 0.191594 0.069132 0.082094
0 0.492289 0.057241 0.047526 0.066864
0 0.545681 0.081376 0.047320 0.046172
0 0.845146 0.235522 0.044645 0.057609
0 0.895553 0.236241 0.050407 0.041766
0 0.863147 0.602059 0.054727 0.059050
0 0.981263 0.527888 0.037474 0.072012
0 0.979102 0.624381 0.041796 0.080653
0 0.937322 0.615022 0.038888 0.070572
0 0.568653 0.915803 0.041451 0.038860