0 0.726684 0.845855 0.108808 0.108808
0 0.498345 0.947811 0.103983 0.104378
0 0.395725 0.830787 0.079016 0.081949
0 0.384323 0.764272 0.087566 0.113106
0 0.431756 0.645078 0.091213 0.106218
0 0.499257 0.678531 0.080267 0.102159
0 0.574965 0.507050 0.111282 0.094863
0 0.464945 0.457659 0.090512 0.091483
0 0.294022 0.746031 0.067497 0.087566
0 0.221458 0.735751 0.077631 0.090674
0 0.012471 0.953263 0.024942 0.067147
0 0.057134 0.935268 0.082623 0.064698
0 0.113476 0.860047 0.063739 0.074797
0 0.125062 0.444113 0.094436 0.089391
0 0.083317 0.343775 0.083918 0.085741
0 0.024329 0.282662 0.048658 0.091216
0 0.027202 0.401263 0.054404 0.091257
0 0.130749 0.303641 0.065673 0.071147
0 0.270078 0.212435 0.066062 0.062176
0 0.169041 0.511010 0.066062 0.094560