0 0.488961 0.898234 0.058459 0.065922
0 0.865219 0.726584 0.069654 0.075875
0 0.560481 0.479684 0.077118 0.087069
0 0.201636 0.766388 0.083336 0.098263
0 0.123898 0.744000 0.097017 0.113187
0 0.311715 0.566753 0.057218 0.059703
0 0.350898 0.597850 0.053486 0.072141
0 0.413089 0.571728 0.055972 0.067166
0 0.408112 0.402569 0.075872 0.087069
0 0.090316 0.350947 0.062190 0.065922
0 0.034584 0.317366 0.069168 0.080850
0 0.651280 0.400078 0.057218 0.057216
0 0.546179 0.364009 0.048509 0.054728
0 0.296167 0.273209 0.041045 0.042291
0 0.465026 0.145078 0.038860 0.049223
0 0.541451 0.256477 0.036269 0.031088
0 0.364637 0.193653 0.034974 0.034974
0 0.075130 0.593264 0.054404 0.069948