0 0.975389 0.012953 0.049222 0.025906
0 0.971448 0.300325 0.057104 0.082515
0 0.909861 0.275509 0.093182 0.091488
0 0.759640 0.171569 0.073984 0.086913
0 0.789245 0.027202 0.083670 0.054404
0 0.665155 0.151554 0.086788 0.090674
0 0.599093 0.034326 0.071244 0.068652
0 0.025907 0.415215 0.051813 0.065943
0 0.066867 0.481865 0.070929 0.075130
0 0.628158 0.637088 0.056835 0.052248
0 0.573250 0.517158 0.048055 0.056357
0 0.523577 0.512700 0.045745 0.064381
0 0.324504 0.647391 0.000000 0.035578
0 0.224093 0.162565 0.085492 0.073834