0 0.039008 0.746081 0.078015 0.145944
0 0.115260 0.762803 0.114017 0.127700
0 0.137303 0.583416 0.088172 0.112497
0 0.249803 0.624463 0.112499 0.112497
0 0.193553 0.788647 0.060809 0.082094
0 0.080593 0.836534 0.086057 0.059291
0 0.072692 0.125825 0.083613 0.103375
0 0.026846 0.197275 0.053692 0.097294
0 0.097776 0.208678 0.088172 0.065369
0 0.102335 0.272744 0.079054 0.084045
0 0.169987 0.321175 0.062331 0.068409
0 0.192030 0.239081 0.076013 0.083613
0 0.553089 0.611541 0.092736 0.117059
0 0.533758 0.714763 0.078391 0.086344
0 0.603130 0.655178 0.068662 0.118325
0 0.711516 0.442034 0.084074 0.100334
0 0.737037 0.360700 0.098817 0.107938
0 0.748440 0.042388 0.097295 0.084776
0 0.659506 0.046190 0.074490 0.092380
0 0.848014 0.058351 0.092736 0.116702
0 0.952512 0.025666 0.094975 0.051332
0 0.940749 0.093900 0.092736 0.085134
0 0.715751 0.171431 0.053209 0.079053
0 0.574370 0.120381 0.065372 0.053447
0 0.639766 0.179934 0.098865 0.086931
0 0.549084 0.361463 0.112090 0.121619
0 0.462694 0.427872 0.057645 0.066428
0 0.297381 0.723163 0.090301 0.113134