0 0.753245 0.914622 0.060950 0.053484
0 0.707228 0.938875 0.058459 0.057216
0 0.658094 0.933278 0.052240 0.053484
0 0.750138 0.795213 0.069654 0.078363
0 0.939821 0.777178 0.053486 0.079606
0 0.888201 0.774069 0.042291 0.068409
0 0.844670 0.542716 0.062190 0.060947
0 0.853999 0.601797 0.055972 0.049753
0 0.801134 0.583762 0.049754 0.060947
0 0.710334 0.608016 0.052241 0.074631
0 0.391914 0.328153 0.047268 0.062191
0 0.395646 0.580031 0.064681 0.055972
0 0.562317 0.888500 0.047268 0.065922
0 0.505104 0.866734 0.062190 0.059703
0 0.501372 0.918353 0.062190 0.038559
0 0.346517 0.096803 0.065922 0.067166
0 0.328478 0.151531 0.064681 0.067166
0 0.237058 0.109241 0.060950 0.059703
0 0.271885 0.125409 0.038559 0.077119
0 0.265667 0.192578 0.058459 0.049753
0 0.201606 0.194444 0.059704 0.065922
0 0.130711 0.165834 0.059704 0.065922
0 0.214047 0.233000 0.054727 0.041047
0 0.216533 0.287109 0.062190 0.062191
0 0.151857 0.284619 0.064681 0.059703
0 0.176729 0.327531 0.049754 0.031097
0 0.192902 0.441344 0.062190 0.054728
0 0.353355 0.458134 0.062190 0.058459
0 0.069141 0.311363 0.055972 0.060947
0 0.089041 0.254769 0.058459 0.049753
0 0.130711 0.631028 0.062190 0.055972
0 0.181706 0.753544 0.044777 0.064678
0 0.126980 0.788372 0.054727 0.052241
0 0.083444 0.729291 0.069654 0.070897
0 0.066650 0.801431 0.060950 0.060947
0 0.002541 0.634759 0.005082 0.055972
0 0.006272 0.684513 0.012544 0.043534