0 0.467792 0.586575 0.094066 0.097484
0 0.572118 0.608809 0.104326 0.100906
0 0.330377 0.597694 0.108940 0.099197
0 0.157701 0.773579 0.086153 0.084967
0 0.103504 0.711425 0.076963 0.066700
0 0.016192 0.932642 0.032383 0.082902
0 0.762953 0.935233 0.059585 0.077720
0 0.696969 0.713991 0.080384 0.088934
0 0.950087 0.627591 0.097487 0.081606
0 0.891169 0.764183 0.075085 0.067225
0 0.748327 0.753992 0.066602 0.069737
0 0.791890 0.806347 0.078673 0.064991
0 0.928712 0.801216 0.064992 0.064991
0 0.671598 0.404793 0.094629 0.094560
0 0.628238 0.325130 0.098446 0.108808
0 0.380570 0.310369 0.107747 0.126559
0 0.467697 0.227317 0.090834 0.107543
0 0.511110 0.296032 0.091769 0.094464
0 0.452720 0.093912 0.102332 0.094560
0 0.301813 0.136658 0.067358 0.068653
0 0.331606 0.327720 0.059585 0.103627