0 0.357737 0.747325 0.044777 0.057216
0 0.399407 0.745459 0.041045 0.053484
0 0.522547 0.524056 0.055972 0.050997
0 0.487095 0.589359 0.064681 0.057216
0 0.534363 0.628541 0.039804 0.043534
0 0.502022 0.387237 0.044777 0.050997
0 0.460977 0.377284 0.052240 0.050997
0 0.539336 0.353031 0.057218 0.052241
0 0.582251 0.322556 0.048509 0.046022
0 0.696682 0.292706 0.046022 0.053484
0 0.760738 0.307009 0.042291 0.044778
0 0.803649 0.293328 0.046022 0.049753
0 0.797431 0.389103 0.046022 0.054728
0 0.854649 0.400297 0.046022 0.044778
0 0.914974 0.277778 0.057218 0.053484
0 0.935499 0.212478 0.058459 0.062191
0 0.947314 0.670828 0.052240 0.046022
0 0.659989 0.721828 0.042291 0.046022
0 0.456620 0.622944 0.043536 0.047266
0 0.435475 0.662122 0.050995 0.043534