0 0.779325 0.514447 0.056060 0.065675
0 0.838138 0.501452 0.072516 0.067044
0 0.897659 0.515816 0.068408 0.062937
0 0.787514 0.580122 0.064305 0.062937
0 0.775403 0.629339 0.061169 0.057385
0 0.876452 0.656059 0.067041 0.094406
0 0.949650 0.668372 0.062938 0.077987
0 0.828564 0.892075 0.047888 0.057466
0 0.909973 0.827769 0.057467 0.054728
0 0.915444 0.774409 0.054727 0.060200
0 0.919547 0.871553 0.054727 0.038309
0 0.874399 0.880447 0.054727 0.045150
0 0.900394 0.922175 0.041045 0.038309
0 0.882609 0.957750 0.046521 0.046519
0 0.837457 0.974086 0.065673 0.051828
0 0.978246 0.820928 0.043508 0.079356
0 0.961788 0.908031 0.053109 0.046632