0 0.421822 0.566062 0.083817 0.088083
0 0.281813 0.564119 0.055545 0.073834
0 0.346056 0.766839 0.077318 0.095855
0 0.421632 0.773316 0.073834 0.077720
0 0.647201 0.012719 0.048287 0.025437
0 0.700201 0.018782 0.065919 0.037564
0 0.691797 0.217723 0.049396 0.067145
0 0.637953 0.217112 0.053109 0.063186
0 0.626575 0.455014 0.048488 0.060287
0 0.724706 0.448900 0.041045 0.064306
0 0.678871 0.457109 0.045153 0.056097
0 0.771908 0.212884 0.069781 0.087566
0 0.933938 0.144430 0.069948 0.068653
0 0.962435 0.167746 0.067358 0.068653