0 0.333767 0.968055 0.063850 0.063889
0 0.393664 0.972616 0.065391 0.054767
0 0.523797 0.949832 0.060809 0.057695
0 0.678578 0.457794 0.062275 0.053616
0 0.633256 0.223119 0.069931 0.057769
0 0.498713 0.221022 0.062331 0.074128
0 0.557242 0.220078 0.066890 0.085134
0 0.693303 0.248197 0.062331 0.074506
0 0.686464 0.180553 0.072972 0.085134
0 0.655299 0.097056 0.083613 0.076241
0 0.986134 0.034788 0.027731 0.069576
0 0.952503 0.000583 0.076013 0.001166
0 0.942624 0.039172 0.062331 0.069931
0 0.984614 0.256566 0.030772 0.036484
0 0.983094 0.540850 0.033812 0.072972
0 0.967891 0.821334 0.064217 0.077531
0 0.701932 0.367672 0.052936 0.056047