0 0.448200 0.891192 0.106191 0.098446
0 0.531073 0.752069 0.087223 0.090644
0 0.603627 0.764249 0.067358 0.080311
0 0.637110 0.689644 0.094066 0.085513
0 0.476346 0.489541 0.138533 0.150503
0 0.492081 0.293538 0.134421 0.138890
0 0.563569 0.327066 0.100904 0.112878
0 0.328409 0.400606 0.147082 0.150503
0 0.354917 0.522037 0.094066 0.092353
0 0.383991 0.613534 0.083801 0.087225
0 0.053035 0.277469 0.106070 0.119719
0 0.448127 0.048945 0.129978 0.097890
0 0.695652 0.223786 0.083013 0.110784
0 0.593498 0.219319 0.095777 0.123141
0 0.779919 0.235566 0.102615 0.097484
0 0.839339 0.258440 0.077799 0.091928
0 0.755117 0.068816 0.104326 0.136822
0 0.827803 0.092759 0.116297 0.112878
0 0.918447 0.054930 0.136822 0.109860
0 0.962646 0.261222 0.074708 0.138531
0 0.736890 0.448834 0.088396 0.089378
0 0.832266 0.449398 0.084173 0.080478
0 0.972908 0.347798 0.054184 0.058290
0 0.361399 0.806347 0.088083 0.076425
0 0.437176 0.681995 0.071244 0.058290
0 0.266192 0.536269 0.125648 0.116580
0 0.208549 0.450777 0.113990 0.116580
0 0.223446 0.253886 0.076425 0.090674
0 0.181347 0.229275 0.041451 0.080311
0 0.140544 0.272021 0.058290 0.106218
0 0.781088 0.479922 0.049223 0.084197
0 0.573187 0.903497 0.068653 0.084197
0 0.305699 0.935881 0.062176 0.068653