0 0.968683 0.968073 0.062634 0.063853
0 0.822145 0.633700 0.097934 0.103697
0 0.581632 0.551606 0.077771 0.086413
0 0.507124 0.521921 0.081606 0.085293
0 0.511781 0.743875 0.070570 0.070572
0 0.453038 0.667549 0.065426 0.073440
0 0.360751 0.591321 0.073834 0.076425
0 0.233094 0.656022 0.072013 0.064809
0 0.572989 0.788522 0.060489 0.064809
0 0.080933 0.798685 0.081657 0.073614
0 0.018611 0.830291 0.037222 0.073450
0 0.043427 0.715674 0.081539 0.073834
0 0.899201 0.168506 0.076333 0.069131
0 0.948167 0.057642 0.064806 0.050518
0 0.831507 0.038166 0.059051 0.076331
0 0.764260 0.046632 0.072562 0.062176
0 0.815668 0.150907 0.067689 0.071244
0 0.683166 0.198912 0.084971 0.068809
0 0.612595 0.195872 0.076333 0.077772
0 0.644278 0.333413 0.079214 0.076331
0 0.565069 0.396062 0.067689 0.069131
0 0.630596 0.438550 0.089295 0.073450
0 0.072539 0.849093 0.069948 0.047927
0 0.781736 0.012306 0.060881 0.022021