0 0.746561 0.951313 0.057768 0.072972
0 0.848464 0.841321 0.051776 0.045337
0 0.815735 0.026427 0.071449 0.052854
0 0.936591 0.224259 0.060809 0.072206
0 0.890226 0.212478 0.056250 0.057769
0 0.844617 0.233000 0.056250 0.056250
0 0.780129 0.102979 0.064095 0.099741
0 0.431116 0.099222 0.059291 0.077531
0 0.465317 0.180553 0.054727 0.054728
0 0.412870 0.169150 0.050168 0.056250
0 0.553494 0.289250 0.060809 0.068409
0 0.735867 0.400907 0.051581 0.053109
0 0.835499 0.308253 0.071449 0.063850
0 0.594539 0.339419 0.063849 0.062331
0 0.509408 0.415431 0.069931 0.077531
0 0.371064 0.379703 0.060809 0.057769
0 0.261605 0.237562 0.072972 0.077531
0 0.134668 0.264925 0.086654 0.086653
0 0.127068 0.342459 0.071449 0.053209
0 0.129347 0.378944 0.076013 0.041047
0 0.154431 0.476241 0.065372 0.068409
0 0.101222 0.460278 0.068409 0.063850
0 0.082977 0.521847 0.077531 0.065369
0 0.023627 0.415431 0.047254 0.074491
0 0.361941 0.438234 0.057768 0.050169
0 0.253244 0.512725 0.080572 0.056250
0 0.279089 0.601659 0.059291 0.066891
0 0.218281 0.609259 0.062331 0.063850
0 0.033509 0.028707 0.067018 0.057414
0 0.546632 0.606218 0.059585 0.064767
0 0.551166 0.669689 0.068653 0.059585
0 0.222798 0.303756 0.049223 0.037565