0 0.360668 0.587356 0.102319 0.105888
0 0.305345 0.493962 0.105886 0.121353
0 0.384464 0.210756 0.107075 0.106985
0 0.305345 0.215455 0.077334 0.109666
0 0.508794 0.035800 0.074956 0.071600
0 0.421942 0.038288 0.089230 0.071384
0 0.214921 0.220642 0.096369 0.105347
0 0.975986 0.020927 0.048027 0.041854
0 0.256563 0.541553 0.065438 0.085662
0 0.257160 0.724423 0.071384 0.088742
0 0.055497 0.428525 0.058299 0.080903
0 0.014959 0.438044 0.029918 0.078525
0 0.142349 0.184625 0.093991 0.099941
0 0.046486 0.155430 0.092972 0.103606