0 0.943618 0.901543 0.062938 0.067380
0 0.855982 0.282941 0.060057 0.067044
0 0.875209 0.477107 0.043780 0.061330
0 0.977979 0.367088 0.044041 0.073884
0 0.751224 0.395725 0.064624 0.060881
0 0.635772 0.302097 0.062938 0.056097
0 0.531103 0.295256 0.064305 0.045150
0 0.579673 0.314409 0.062938 0.080725
0 0.692553 0.464228 0.072516 0.071147
0 0.782168 0.533325 0.060202 0.069778
0 0.817061 0.566163 0.053359 0.053359
0 0.570781 0.789480 0.067041 0.058234
0 0.579911 0.835136 0.055203 0.057707
0 0.633183 0.806485 0.052288 0.060605
0 0.624140 0.493647 0.064305 0.061569
0 0.538628 0.493647 0.065673 0.075253
0 0.483215 0.512116 0.058835 0.068409
0 0.552996 0.553847 0.058835 0.047887
0 0.434645 0.561372 0.065673 0.073884
0 0.077720 0.533679 0.049223 0.067358
0 0.035622 0.518782 0.055699 0.068653
0 0.433273 0.024830 0.051991 0.049660
0 0.398385 0.043387 0.058835 0.053123
0 0.289949 0.148172 0.044454 0.057466
0 0.473773 0.120125 0.061838 0.064306
0 0.434585 0.257511 0.050518 0.062699
0 0.270710 0.306175 0.056963 0.056044
0 0.082191 0.080802 0.055825 0.055387
0 0.173451 0.616580 0.048975 0.051813
0 0.373757 0.708456 0.045153 0.069778
0 0.280443 0.745871 0.058285 0.065252
0 0.096010 0.914129 0.064305 0.074371
0 0.022350 0.843909 0.044700 0.075253
0 0.072844 0.427353 0.064493 0.075769
0 0.368967 0.405397 0.043780 0.051991
0 0.418223 0.409500 0.035574 0.041047
0 0.075130 0.136658 0.044041 0.058290
0 0.841321 0.488990 0.047927 0.053109
0 0.094560 0.574482 0.049223 0.050518