0 0.797445 0.837178 0.078686 0.104409
0 0.976267 0.616463 0.047466 0.099375
0 0.919408 0.623663 0.072013 0.079213
0 0.038212 0.838729 0.076424 0.094563
0 0.338995 0.525006 0.063370 0.057609
0 0.394430 0.365933 0.063472 0.060881
0 0.323876 0.577575 0.061932 0.064809
0 0.176972 0.179353 0.079214 0.086413
0 0.222337 0.085773 0.083533 0.083463
0 0.241062 0.155591 0.069132 0.067691
0 0.872601 0.929709 0.070570 0.066250
0 0.264106 0.784969 0.000000 0.004322
0 0.135363 0.281088 0.047927 0.075130
0 0.203368 0.617228 0.041451 0.050518